3.417099999999999937e+01 2.294770000000000054e-06
4.433319999999999794e+01 1.086230000000000059e-06
5.751769999999999783e+01 5.085919999999999791e-07
7.462309999999999377e+01 2.572200000000000229e-07
9.681550000000000011e+01 1.385520000000000088e-07
1.256080000000000041e+02 7.786130000000000119e-08
1.629629999999999939e+02 4.706370000000000075e-08
2.114269999999999925e+02 2.566169999999999877e-08
2.743050000000000068e+02 1.286639999999999933e-08
3.558809999999999718e+02 6.488089999999999667e-09
4.617180000000000177e+02 3.248700000000000166e-09
5.990299999999999727e+02 1.568590000000000060e-09
7.771789999999999736e+02 7.225869999999999574e-10
1.008309999999999945e+03 3.566030000000000144e-10
1.308170000000000073e+03 1.861649999999999977e-10
1.697210000000000036e+03 9.598079999999999750e-11
2.201960000000000036e+03 4.813250000000000155e-11
2.856809999999999945e+03 2.849239999999999924e-11
3.706400000000000091e+03 1.996499999999999904e-11
4.808670000000000073e+03 1.292630000000000077e-11
6.238739999999999782e+03 8.081340000000000783e-12
8.094100000000000364e+03 4.856769999999999711e-12
1.050120000000000073e+04 2.789409999999999925e-12
1.362420000000000073e+04 1.600209999999999903e-12
1.767600000000000000e+04 9.079950000000000099e-13
2.293279999999999927e+04 5.154840000000000278e-13
2.975279999999999927e+04 2.972270000000000218e-13
3.860119999999999709e+04 1.551899999999999930e-13
5.008090000000000146e+04 7.387149999999999982e-14
6.497469999999999709e+04 3.547939999999999824e-14
8.429780000000000291e+04 1.667210000000000047e-14
1.093670000000000000e+05 8.298060000000000578e-15
1.418930000000000000e+05 4.663420000000000351e-15
1.840910000000000000e+05 1.699660000000000091e-15
2.720450000000000000e+05 1.757769999999999915e-16
4.579140000000000000e+05 6.203949999999999718e-17
7.707760000000000000e+05 2.189689999999999940e-17
