3.417099999999999937e+01 1.786350000000000058e-06
4.433319999999999794e+01 9.217440000000000513e-07
5.751769999999999783e+01 4.742879999999999917e-07
7.462309999999999377e+01 2.488029999999999813e-07
9.681550000000000011e+01 1.315260000000000092e-07
1.256080000000000041e+02 7.368489999999999564e-08
1.629629999999999939e+02 4.410230000000000310e-08
2.114269999999999925e+02 2.512659999999999882e-08
2.743050000000000068e+02 1.398050000000000068e-08
3.558809999999999718e+02 7.367250000000000176e-09
4.617180000000000177e+02 3.649130000000000198e-09
5.990299999999999727e+02 1.863490000000000148e-09
7.771789999999999736e+02 9.521370000000000591e-10
1.008309999999999945e+03 5.297169999999999814e-10
1.308170000000000073e+03 3.304879999999999965e-10
1.697210000000000036e+03 1.713290000000000088e-10
2.201960000000000036e+03 7.375649999999999495e-11
2.856809999999999945e+03 3.916170000000000266e-11
3.706400000000000091e+03 2.457509999999999936e-11
4.808670000000000073e+03 1.454480000000000079e-11
6.238739999999999782e+03 8.398470000000000261e-12
8.094100000000000364e+03 4.956379999999999930e-12
1.050120000000000073e+04 3.008159999999999978e-12
1.362420000000000073e+04 1.705039999999999973e-12
1.767600000000000000e+04 9.045199999999999667e-13
2.293279999999999927e+04 4.981059999999999982e-13
2.975279999999999927e+04 2.852299999999999872e-13
3.860119999999999709e+04 1.474230000000000071e-13
5.008090000000000146e+04 6.892499999999999408e-14
6.497469999999999709e+04 3.453650000000000258e-14
8.429780000000000291e+04 1.868509999999999906e-14
1.093670000000000000e+05 8.261399999999999702e-15
1.418930000000000000e+05 2.967969999999999987e-15
1.840910000000000000e+05 1.357399999999999929e-15
2.720450000000000000e+05 3.683519999999999949e-16
4.579140000000000000e+05 1.300099999999999915e-16
7.707760000000000000e+05 4.588690000000000194e-17
