3.417099999999999937e+01 3.407120000000000085e-06
4.433319999999999794e+01 1.751309999999999924e-06
5.751769999999999783e+01 9.110450000000000162e-07
7.462309999999999377e+01 4.162240000000000086e-07
9.681550000000000011e+01 1.704739999999999951e-07
1.256080000000000041e+02 8.826040000000000595e-08
1.629629999999999939e+02 5.170489999999999999e-08
2.114269999999999925e+02 2.820529999999999978e-08
2.743050000000000068e+02 1.548950000000000116e-08
3.558809999999999718e+02 8.231809999999999515e-09
4.617180000000000177e+02 4.209679999999999881e-09
5.990299999999999727e+02 2.129179999999999879e-09
7.771789999999999736e+02 1.111870000000000008e-09
1.008309999999999945e+03 6.628659999999999731e-10
1.308170000000000073e+03 3.847220000000000080e-10
1.697210000000000036e+03 1.809080000000000075e-10
2.201960000000000036e+03 8.599830000000000122e-11
2.856809999999999945e+03 4.533870000000000107e-11
3.706400000000000091e+03 2.648419999999999978e-11
4.808670000000000073e+03 1.451960000000000045e-11
6.238739999999999782e+03 8.490509999999999937e-12
8.094100000000000364e+03 5.898140000000000150e-12
1.050120000000000073e+04 3.276149999999999929e-12
1.362420000000000073e+04 1.922280000000000166e-12
1.767600000000000000e+04 1.162650000000000100e-12
2.293279999999999927e+04 6.578329999999999496e-13
2.975279999999999927e+04 4.385010000000000215e-13
3.860119999999999709e+04 2.812230000000000024e-13
5.008090000000000146e+04 1.472599999999999955e-13
6.497469999999999709e+04 9.029329999999999857e-14
8.429780000000000291e+04 6.822180000000000270e-14
1.093670000000000000e+05 5.709009999999999420e-14
1.418930000000000000e+05 5.640570000000000067e-14
1.840910000000000000e+05 4.197170000000000002e-14
2.388380000000000000e+05 2.912850000000000306e-14
3.098680000000000000e+05 1.635319999999999917e-14
4.020200000000000000e+05 6.637669999999999644e-15
5.215790000000000000e+05 3.058849999999999996e-15
6.766940000000000000e+05 1.490210000000000011e-15
8.779380000000000000e+05 7.181610000000000353e-16
