3.417099999999999937e+01 2.962000000000000186e-06
4.433319999999999794e+01 1.350430000000000003e-06
5.751769999999999783e+01 6.113210000000000251e-07
7.462309999999999377e+01 2.877480000000000167e-07
9.681550000000000011e+01 1.420149999999999915e-07
1.256080000000000041e+02 7.933469999999999902e-08
1.629629999999999939e+02 4.667760000000000102e-08
2.114269999999999925e+02 2.512810000000000053e-08
2.743050000000000068e+02 1.340810000000000047e-08
3.558809999999999718e+02 6.916819999999999695e-09
4.617180000000000177e+02 3.418230000000000096e-09
5.990299999999999727e+02 1.755680000000000083e-09
7.771789999999999736e+02 9.086820000000000267e-10
1.008309999999999945e+03 4.798460000000000199e-10
1.308170000000000073e+03 2.620700000000000059e-10
1.697210000000000036e+03 1.285290000000000118e-10
2.201960000000000036e+03 6.604019999999999804e-11
2.856809999999999945e+03 3.935520000000000178e-11
3.706400000000000091e+03 2.474309999999999945e-11
4.808670000000000073e+03 1.424900000000000037e-11
6.238739999999999782e+03 8.094259999999999884e-12
8.094100000000000364e+03 5.091119999999999818e-12
1.050120000000000073e+04 2.859759999999999923e-12
1.362420000000000073e+04 1.664079999999999913e-12
1.767600000000000000e+04 9.747380000000000013e-13
2.293279999999999927e+04 5.273419999999999960e-13
2.975279999999999927e+04 3.057240000000000209e-13
3.860119999999999709e+04 1.697590000000000040e-13
5.008090000000000146e+04 8.227530000000000436e-14
6.497469999999999709e+04 3.949899999999999911e-14
8.429780000000000291e+04 2.127720000000000109e-14
1.093670000000000000e+05 1.080209999999999935e-14
1.418930000000000000e+05 4.489969999999999869e-15
1.840910000000000000e+05 2.075830000000000049e-15
2.388380000000000000e+05 1.313099999999999979e-15
3.098680000000000000e+05 5.533630000000000345e-16
4.020200000000000000e+05 1.356620000000000043e-16
5.215790000000000000e+05 8.045630000000000537e-17
6.766940000000000000e+05 1.017810000000000041e-16
8.779380000000000000e+05 1.146669999999999954e-16
