3.417099999999999937e+01 8.892079999999999405e-06
4.433319999999999794e+01 4.073960000000000039e-06
5.751769999999999783e+01 1.870109999999999955e-06
7.462309999999999377e+01 8.260880000000000052e-07
9.681550000000000011e+01 3.459060000000000006e-07
1.256080000000000041e+02 1.857579999999999882e-07
1.629629999999999939e+02 1.206859999999999995e-07
2.114269999999999925e+02 6.453489999999999642e-08
2.743050000000000068e+02 3.064779999999999998e-08
3.558809999999999718e+02 1.682509999999999890e-08
4.617180000000000177e+02 1.019129999999999975e-08
5.990299999999999727e+02 6.510390000000000304e-09
7.771789999999999736e+02 4.558359999999999963e-09
1.008309999999999945e+03 2.357370000000000101e-09
1.308170000000000073e+03 9.749919999999999766e-10
1.697210000000000036e+03 4.594789999999999908e-10
2.201960000000000036e+03 2.216920000000000033e-10
2.856809999999999945e+03 1.232319999999999887e-10
3.706400000000000091e+03 7.067359999999999726e-11
4.808670000000000073e+03 4.292889999999999896e-11
6.238739999999999782e+03 3.112630000000000319e-11
8.094100000000000364e+03 2.220589999999999851e-11
1.050120000000000073e+04 1.353370000000000079e-11
1.362420000000000073e+04 8.155760000000000783e-12
1.767600000000000000e+04 4.793219999999999644e-12
2.293279999999999927e+04 2.439369999999999934e-12
2.975279999999999927e+04 1.215289999999999964e-12
3.860119999999999709e+04 6.481099999999999516e-13
5.008090000000000146e+04 3.083970000000000136e-13
6.497469999999999709e+04 1.378960000000000114e-13
8.429780000000000291e+04 6.697380000000000135e-14
1.093670000000000000e+05 3.701409999999999851e-14
1.418930000000000000e+05 1.906390000000000119e-14
1.840910000000000000e+05 1.028530000000000011e-14
2.388380000000000000e+05 7.036849999999999950e-15
3.098680000000000000e+05 4.838939999999999700e-15
4.020200000000000000e+05 3.331360000000000159e-15
5.215790000000000000e+05 2.269700000000000179e-15
6.766940000000000000e+05 1.524999999999999931e-15
8.779380000000000000e+05 1.027120000000000014e-15
