3.417099999999999937e+01 2.441269999999999837e-06
4.433319999999999794e+01 1.399839999999999967e-06
5.751769999999999783e+01 8.166070000000000277e-07
7.462309999999999377e+01 4.149939999999999903e-07
9.681550000000000011e+01 1.858589999999999969e-07
1.256080000000000041e+02 9.790110000000000306e-08
1.629629999999999939e+02 5.542189999999999946e-08
2.114269999999999925e+02 2.802890000000000027e-08
2.743050000000000068e+02 1.385059999999999930e-08
3.558809999999999718e+02 7.317560000000000113e-09
4.617180000000000177e+02 3.875860000000000304e-09
5.990299999999999727e+02 1.947100000000000028e-09
7.771789999999999736e+02 9.815419999999999178e-10
1.008309999999999945e+03 4.738230000000000501e-10
1.308170000000000073e+03 2.196599999999999942e-10
1.697210000000000036e+03 1.028719999999999938e-10
2.201960000000000036e+03 5.203580000000000088e-11
2.856809999999999945e+03 2.916889999999999943e-11
3.706400000000000091e+03 1.852579999999999847e-11
4.808670000000000073e+03 1.112849999999999969e-11
6.238739999999999782e+03 6.901300000000000088e-12
8.094100000000000364e+03 4.934860000000000240e-12
1.050120000000000073e+04 2.835460000000000118e-12
1.362420000000000073e+04 1.713410000000000067e-12
1.767600000000000000e+04 1.008309999999999972e-12
2.293279999999999927e+04 6.058899999999999558e-13
2.975279999999999927e+04 4.613559999999999781e-13
3.860119999999999709e+04 3.261869999999999812e-13
5.008090000000000146e+04 1.962119999999999974e-13
6.497469999999999709e+04 1.273810000000000052e-13
8.429780000000000291e+04 9.642430000000000294e-14
1.093670000000000000e+05 8.309420000000000352e-14
1.418930000000000000e+05 8.187340000000000230e-14
1.840910000000000000e+05 5.980740000000000070e-14
2.388380000000000000e+05 3.772190000000000106e-14
3.098680000000000000e+05 2.138020000000000138e-14
4.020200000000000000e+05 1.027249999999999958e-14
5.215790000000000000e+05 5.134079999999999996e-15
6.766940000000000000e+05 2.539449999999999879e-15
8.779380000000000000e+05 1.258410000000000070e-15
