3.417099999999999937e+01 2.411599999999999916e-06
4.433319999999999794e+01 1.273390000000000102e-06
5.751769999999999783e+01 6.778109999999999805e-07
7.462309999999999377e+01 3.336020000000000249e-07
9.681550000000000011e+01 1.539409999999999886e-07
1.256080000000000041e+02 7.997950000000000490e-08
1.629629999999999939e+02 4.320670000000000135e-08
2.114269999999999925e+02 2.151180000000000010e-08
2.743050000000000068e+02 1.072800000000000018e-08
3.558809999999999718e+02 5.640189999999999731e-09
4.617180000000000177e+02 2.945449999999999998e-09
5.990299999999999727e+02 1.471220000000000013e-09
7.771789999999999736e+02 7.412969999999999890e-10
1.008309999999999945e+03 3.590539999999999990e-10
1.308170000000000073e+03 1.679679999999999984e-10
1.697210000000000036e+03 7.893960000000000263e-11
2.201960000000000036e+03 3.953680000000000093e-11
2.856809999999999945e+03 2.319979999999999895e-11
3.706400000000000091e+03 1.645299999999999866e-11
4.808670000000000073e+03 1.029640000000000043e-11
6.238739999999999782e+03 6.280949999999999808e-12
8.094100000000000364e+03 4.479759999999999887e-12
1.050120000000000073e+04 2.568329999999999821e-12
1.362420000000000073e+04 1.558059999999999926e-12
1.767600000000000000e+04 9.310450000000000985e-13
2.293279999999999927e+04 5.510959999999999572e-13
2.975279999999999927e+04 4.006850000000000239e-13
3.860119999999999709e+04 2.759940000000000052e-13
5.008090000000000146e+04 1.662570000000000003e-13
6.497469999999999709e+04 1.006069999999999973e-13
8.429780000000000291e+04 6.631650000000000071e-14
1.093670000000000000e+05 5.095010000000000092e-14
1.418930000000000000e+05 4.478529999999999825e-14
1.840910000000000000e+05 2.999430000000000226e-14
2.388380000000000000e+05 1.805369999999999910e-14
3.098680000000000000e+05 9.232309999999999538e-15
4.020200000000000000e+05 3.737569999999999713e-15
5.215790000000000000e+05 1.840159999999999909e-15
6.766940000000000000e+05 1.024899999999999950e-15
8.779380000000000000e+05 5.577160000000000482e-16
