3.417099999999999937e+01 1.157309999999999978e-06
4.433319999999999794e+01 6.900389999999999759e-07
5.751769999999999783e+01 4.147590000000000150e-07
7.462309999999999377e+01 2.402240000000000208e-07
9.681550000000000011e+01 1.346340000000000130e-07
1.256080000000000041e+02 7.792119999999999764e-08
1.629629999999999939e+02 4.326290000000000288e-08
2.114269999999999925e+02 2.213900000000000058e-08
2.743050000000000068e+02 1.101309999999999953e-08
3.558809999999999718e+02 5.704050000000000377e-09
4.617180000000000177e+02 2.983119999999999931e-09
5.990299999999999727e+02 1.503469999999999979e-09
7.771789999999999736e+02 7.370460000000000209e-10
1.008309999999999945e+03 3.796250000000000203e-10
1.308170000000000073e+03 2.170019999999999916e-10
1.697210000000000036e+03 1.153780000000000021e-10
2.201960000000000036e+03 5.166670000000000238e-11
2.856809999999999945e+03 2.941370000000000178e-11
3.706400000000000091e+03 2.217659999999999983e-11
4.808670000000000073e+03 1.363790000000000028e-11
6.238739999999999782e+03 7.878720000000000582e-12
8.094100000000000364e+03 5.304679999999999970e-12
1.050120000000000073e+04 2.933030000000000075e-12
1.362420000000000073e+04 1.676649999999999929e-12
1.767600000000000000e+04 9.818919999999999120e-13
2.293279999999999927e+04 5.175099999999999830e-13
2.975279999999999927e+04 2.966510000000000251e-13
3.860119999999999709e+04 1.687670000000000068e-13
5.008090000000000146e+04 8.108710000000000292e-14
6.497469999999999709e+04 3.836659999999999830e-14
8.429780000000000291e+04 2.091329999999999847e-14
1.093670000000000000e+05 1.070309999999999992e-14
1.418930000000000000e+05 4.766909999999999987e-15
1.840910000000000000e+05 1.966720000000000135e-15
2.720450000000000000e+05 5.363450000000000407e-16
4.579140000000000000e+05 1.159029999999999972e-16
7.707760000000000000e+05 9.725679999999999852e-17
