3.368030000000000257e+01 1.372580000000000079e-06 4.472220000000000093e-09
4.245060000000000144e+01 6.867369999999999904e-07 1.343150000000000061e-09
5.350469999999999970e+01 3.381390000000000079e-07 1.025580000000000092e-09
6.743739999999999668e+01 1.861990000000000118e-07 5.558440000000000505e-10
8.499809999999999377e+01 1.067280000000000012e-07 4.271260000000000200e-10
1.071320000000000050e+02 7.298349999999999969e-08 2.127899999999999962e-10
1.350289999999999964e+02 5.078610000000000105e-08 1.836020000000000087e-10
1.701899999999999977e+02 3.132370000000000010e-08 8.591470000000000266e-11
2.145080000000000098e+02 1.966159999999999919e-08 7.541959999999999824e-11
2.703650000000000091e+02 1.188419999999999997e-08 3.180930000000000099e-11
3.407690000000000055e+02 7.242589999999999905e-09 2.295930000000000053e-11
4.295049999999999955e+02 4.473389999999999997e-09 1.298039999999999990e-11
5.413479999999999563e+02 2.693059999999999797e-09 9.339239999999999290e-12
6.823150000000000546e+02 1.516309999999999906e-09 6.027589999999999765e-12
8.599900000000000091e+02 8.696680000000000413e-10 3.885860000000000166e-12
1.083930000000000064e+03 5.058690000000000240e-10 2.840369999999999942e-12
1.366190000000000055e+03 2.810689999999999835e-10 1.625310000000000069e-12
1.721940000000000055e+03 1.485499999999999937e-10 1.198200000000000085e-12
2.170340000000000146e+03 8.925849999999999736e-11 6.571130000000000294e-13
2.735489999999999782e+03 5.640169999999999947e-11 5.802560000000000066e-13
3.447809999999999945e+03 3.286109999999999859e-11 2.871880000000000179e-13
4.345619999999999891e+03 1.899720000000000149e-11 2.558099999999999975e-13
5.477229999999999563e+03 1.165269999999999941e-11 1.281160000000000016e-13
6.903500000000000000e+03 7.092929999999999747e-12 1.189469999999999979e-13
8.701170000000000073e+03 4.288489999999999632e-12 6.161779999999999873e-14
1.096700000000000000e+04 2.591179999999999870e-12 5.225219999999999974e-14
1.382270000000000073e+04 1.516779999999999925e-12 2.665959999999999956e-14
1.742220000000000073e+04 8.999070000000000347e-13 2.364149999999999890e-14
2.195890000000000146e+04 5.073349999999999784e-13 1.150509999999999993e-14
2.767700000000000000e+04 2.884189999999999750e-13 9.251260000000000368e-15
3.488409999999999854e+04 1.618810000000000097e-13 5.593369999999999615e-15
4.396800000000000000e+04 8.925449999999999596e-14 3.409350000000000071e-15
5.541719999999999709e+04 5.050910000000000184e-14 2.935780000000000148e-15
6.984789999999999418e+04 2.446310000000000105e-14 1.408329999999999950e-15
8.803630000000000291e+04 1.228470000000000021e-14 1.161769999999999943e-15
1.109610000000000000e+05 5.883820000000000223e-15 5.961509999999999519e-16
1.398550000000000000e+05 2.768549999999999992e-15 4.038029999999999767e-16
1.762730000000000000e+05 1.365269999999999996e-15 3.004509999999999985e-16
2.221750000000000000e+05 4.896170000000000040e-16 1.488539999999999877e-16
2.800290000000000000e+05 1.612819999999999897e-16 9.124429999999999449e-17
3.529490000000000000e+05 5.414460000000000077e-17 4.728339999999999910e-17
4.448570000000000000e+05 1.809969999999999930e-17 2.156899999999999978e-17
5.606980000000000000e+05 6.056290000000000151e-18 9.169800000000000310e-18
7.067040000000000000e+05 2.026029999999999842e-18 3.724709999999999650e-18
8.907290000000000000e+05 6.778090000000000038e-19 1.466640000000000078e-18
1.000000000000000000e+06 3.920452821843934720e-19 0.000000000000000000e+00
2.000000000000000000e+06 1.475905401494022569e-20 0.000000000000000000e+00
3.000000000000000000e+06 2.167252293995173322e-21 0.000000000000000000e+00
