3.417099999999999937e+01 7.330330000000000339e-06
4.433319999999999794e+01 3.262150000000000183e-06
5.751769999999999783e+01 1.483739999999999918e-06
7.462309999999999377e+01 5.854230000000000402e-07
9.681550000000000011e+01 1.939430000000000049e-07
1.256080000000000041e+02 9.374719999999999655e-08
1.629629999999999939e+02 5.922300000000000032e-08
2.114269999999999925e+02 3.062059999999999826e-08
2.743050000000000068e+02 1.460680000000000047e-08
3.558809999999999718e+02 7.511500000000000789e-09
4.617180000000000177e+02 3.967190000000000235e-09
5.990299999999999727e+02 2.068320000000000153e-09
7.771789999999999736e+02 1.096230000000000049e-09
1.008309999999999945e+03 5.495649999999999525e-10
1.308170000000000073e+03 2.746039999999999960e-10
1.697210000000000036e+03 1.416150000000000068e-10
2.201960000000000036e+03 6.711249999999999701e-11
2.856809999999999945e+03 3.767729999999999820e-11
3.706400000000000091e+03 2.636239999999999923e-11
4.808670000000000073e+03 1.605579999999999950e-11
6.238739999999999782e+03 9.694830000000000605e-12
8.094100000000000364e+03 6.722199999999999771e-12
1.050120000000000073e+04 3.813179999999999712e-12
1.362420000000000073e+04 2.245339999999999801e-12
1.767600000000000000e+04 1.339559999999999999e-12
2.293279999999999927e+04 7.813859999999999786e-13
2.975279999999999927e+04 5.307029999999999652e-13
3.860119999999999709e+04 3.752059999999999867e-13
5.008090000000000146e+04 2.381870000000000028e-13
6.497469999999999709e+04 1.469489999999999982e-13
8.429780000000000291e+04 1.011639999999999943e-13
1.093670000000000000e+05 7.961980000000000371e-14
1.418930000000000000e+05 6.761779999999999840e-14
1.840910000000000000e+05 4.599239999999999848e-14
2.388380000000000000e+05 2.922579999999999776e-14
3.098680000000000000e+05 1.491320000000000102e-14
4.020200000000000000e+05 5.766269999999999723e-15
5.215790000000000000e+05 2.650749999999999932e-15
6.766940000000000000e+05 1.343510000000000013e-15
8.779380000000000000e+05 6.682260000000000434e-16
