3.417099999999999937e+01 1.369489999999999910e-06
4.433319999999999794e+01 7.987100000000000363e-07
5.751769999999999783e+01 4.692640000000000124e-07
7.462309999999999377e+01 2.586779999999999821e-07
9.681550000000000011e+01 1.378809999999999891e-07
1.256080000000000041e+02 7.717049999999999609e-08
1.629629999999999939e+02 4.120310000000000054e-08
2.114269999999999925e+02 2.058689999999999888e-08
2.743050000000000068e+02 1.035619999999999945e-08
3.558809999999999718e+02 5.359010000000000088e-09
4.617180000000000177e+02 2.754339999999999817e-09
5.990299999999999727e+02 1.429079999999999991e-09
7.771789999999999736e+02 7.177160000000000474e-10
1.008309999999999945e+03 3.548579999999999858e-10
1.308170000000000073e+03 1.993149999999999988e-10
1.697210000000000036e+03 1.096039999999999971e-10
2.201960000000000036e+03 5.678989999999999897e-11
2.856809999999999945e+03 3.375100000000000189e-11
3.706400000000000091e+03 2.375599999999999854e-11
4.808670000000000073e+03 1.485309999999999858e-11
6.238739999999999782e+03 8.562840000000000296e-12
8.094100000000000364e+03 5.529299999999999876e-12
1.050120000000000073e+04 3.053760000000000106e-12
1.362420000000000073e+04 1.739149999999999915e-12
1.767600000000000000e+04 1.043730000000000037e-12
2.293279999999999927e+04 5.597880000000000377e-13
2.975279999999999927e+04 3.131059999999999787e-13
3.860119999999999709e+04 1.779199999999999881e-13
5.008090000000000146e+04 9.086009999999999823e-14
6.497469999999999709e+04 4.312330000000000241e-14
8.429780000000000291e+04 2.128929999999999984e-14
1.093670000000000000e+05 9.675609999999999464e-15
1.418930000000000000e+05 4.127859999999999986e-15
1.840910000000000000e+05 1.701659999999999926e-15
2.720450000000000000e+05 4.768909999999999625e-16
4.579140000000000000e+05 2.297649999999999973e-16
7.707760000000000000e+05 5.075200000000000235e-17
