3.417099999999999937e+01 5.438839999999999751e-06
4.433319999999999794e+01 2.571239999999999882e-06
5.751769999999999783e+01 1.229970000000000101e-06
7.462309999999999377e+01 5.343249999999999621e-07
9.681550000000000011e+01 2.121429999999999959e-07
1.256080000000000041e+02 1.063279999999999976e-07
1.629629999999999939e+02 6.018599999999999379e-08
2.114269999999999925e+02 3.107050000000000019e-08
2.743050000000000068e+02 1.598859999999999998e-08
3.558809999999999718e+02 8.290410000000000119e-09
4.617180000000000177e+02 4.304930000000000353e-09
5.990299999999999727e+02 2.269460000000000143e-09
7.771789999999999736e+02 1.201330000000000028e-09
1.008309999999999945e+03 6.164430000000000187e-10
1.308170000000000073e+03 3.078879999999999919e-10
1.697210000000000036e+03 1.473539999999999959e-10
2.201960000000000036e+03 7.799759999999999957e-11
2.856809999999999945e+03 4.607059999999999960e-11
3.706400000000000091e+03 2.780800000000000106e-11
4.808670000000000073e+03 1.593950000000000090e-11
6.238739999999999782e+03 9.267970000000000140e-12
8.094100000000000364e+03 5.965380000000000174e-12
1.050120000000000073e+04 3.450699999999999827e-12
1.362420000000000073e+04 2.062059999999999798e-12
1.767600000000000000e+04 1.231200000000000045e-12
2.293279999999999927e+04 7.042130000000000004e-13
2.975279999999999927e+04 4.412189999999999903e-13
3.860119999999999709e+04 2.822030000000000144e-13
5.008090000000000146e+04 1.685250000000000064e-13
6.497469999999999709e+04 9.854050000000000052e-14
8.429780000000000291e+04 6.212219999999999959e-14
1.093670000000000000e+05 4.739640000000000315e-14
1.418930000000000000e+05 3.997819999999999948e-14
1.840910000000000000e+05 2.632069999999999873e-14
2.388380000000000000e+05 1.763890000000000032e-14
3.098680000000000000e+05 9.185860000000000529e-15
4.020200000000000000e+05 3.240259999999999921e-15
5.215790000000000000e+05 1.535989999999999938e-15
6.766940000000000000e+05 9.032850000000000434e-16
8.779380000000000000e+05 5.102760000000000110e-16
