3.417099999999999937e+01 2.161329999999999939e-06
4.433319999999999794e+01 1.084650000000000068e-06
5.751769999999999783e+01 5.434239999999999829e-07
7.462309999999999377e+01 2.754629999999999832e-07
9.681550000000000011e+01 1.392619999999999933e-07
1.256080000000000041e+02 7.616420000000000381e-08
1.629629999999999939e+02 4.540979999999999678e-08
2.114269999999999925e+02 2.532859999999999957e-08
2.743050000000000068e+02 1.355679999999999934e-08
3.558809999999999718e+02 7.089570000000000366e-09
4.617180000000000177e+02 3.585439999999999977e-09
5.990299999999999727e+02 1.839520000000000075e-09
7.771789999999999736e+02 9.457679999999999129e-10
1.008309999999999945e+03 4.980010000000000466e-10
1.308170000000000073e+03 2.682679999999999777e-10
1.697210000000000036e+03 1.447859999999999899e-10
2.201960000000000036e+03 7.796839999999999723e-11
2.856809999999999945e+03 4.423869999999999970e-11
3.706400000000000091e+03 2.632920000000000135e-11
4.808670000000000073e+03 1.583639999999999985e-11
6.238739999999999782e+03 9.808549999999999438e-12
8.094100000000000364e+03 5.786520000000000268e-12
1.050120000000000073e+04 3.273819999999999878e-12
1.362420000000000073e+04 1.863439999999999984e-12
1.767600000000000000e+04 1.062789999999999958e-12
2.293279999999999927e+04 5.884060000000000274e-13
2.975279999999999927e+04 3.210659999999999771e-13
3.860119999999999709e+04 1.619779999999999890e-13
5.008090000000000146e+04 7.508629999999999581e-14
6.497469999999999709e+04 3.661799999999999982e-14
8.429780000000000291e+04 1.848079999999999848e-14
1.093670000000000000e+05 9.006089999999999581e-15
1.418930000000000000e+05 4.582270000000000205e-15
1.840910000000000000e+05 1.524410000000000054e-15
2.720450000000000000e+05 3.501279999999999969e-16
4.579140000000000000e+05 1.098050000000000039e-16
7.707760000000000000e+05 3.956199999999999949e-17
