3.417099999999999937e+01 7.394500000000000099e-06
4.433319999999999794e+01 3.272249999999999883e-06
5.751769999999999783e+01 1.470740000000000000e-06
7.462309999999999377e+01 5.824620000000000444e-07
9.681550000000000011e+01 2.026599999999999896e-07
1.256080000000000041e+02 9.841639999999999445e-08
1.629629999999999939e+02 5.931719999999999861e-08
2.114269999999999925e+02 3.056570000000000086e-08
2.743050000000000068e+02 1.498359999999999859e-08
3.558809999999999718e+02 7.651329999999999468e-09
4.617180000000000177e+02 3.995049999999999765e-09
5.990299999999999727e+02 2.119560000000000072e-09
7.771789999999999736e+02 1.135980000000000041e-09
1.008309999999999945e+03 5.882219999999999773e-10
1.308170000000000073e+03 2.960650000000000007e-10
1.697210000000000036e+03 1.423660000000000127e-10
2.201960000000000036e+03 7.541670000000000438e-11
2.856809999999999945e+03 4.480050000000000080e-11
3.706400000000000091e+03 2.732350000000000005e-11
4.808670000000000073e+03 1.575960000000000082e-11
6.238739999999999782e+03 9.192099999999999980e-12
8.094100000000000364e+03 5.935439999999999597e-12
1.050120000000000073e+04 3.444589999999999967e-12
1.362420000000000073e+04 2.057109999999999905e-12
1.767600000000000000e+04 1.221549999999999980e-12
2.293279999999999927e+04 6.992730000000000235e-13
2.975279999999999927e+04 4.411169999999999772e-13
3.860119999999999709e+04 2.826069999999999791e-13
5.008090000000000146e+04 1.683830000000000005e-13
6.497469999999999709e+04 9.831779999999999633e-14
8.429780000000000291e+04 6.187719999999999659e-14
1.093670000000000000e+05 4.719250000000000313e-14
1.418930000000000000e+05 3.984180000000000144e-14
1.840910000000000000e+05 2.625949999999999845e-14
2.388380000000000000e+05 1.762800000000000009e-14
3.098680000000000000e+05 9.187969999999999295e-15
4.020200000000000000e+05 3.238839999999999988e-15
5.215790000000000000e+05 1.541949999999999940e-15
6.766940000000000000e+05 9.148649999999999279e-16
8.779380000000000000e+05 5.210260000000000378e-16
