3.417099999999999937e+01 3.191519999999999980e-06
4.433319999999999794e+01 1.422050000000000005e-06
5.751769999999999783e+01 6.270240000000000168e-07
7.462309999999999377e+01 2.982580000000000228e-07
9.681550000000000011e+01 1.504360000000000111e-07
1.256080000000000041e+02 8.053199999999999611e-08
1.629629999999999939e+02 4.682970000000000011e-08
2.114269999999999925e+02 2.530479999999999972e-08
2.743050000000000068e+02 1.302069999999999992e-08
3.558809999999999718e+02 6.575989999999999746e-09
4.617180000000000177e+02 3.215849999999999809e-09
5.990299999999999727e+02 1.609010000000000010e-09
7.771789999999999736e+02 8.131089999999999887e-10
1.008309999999999945e+03 4.217469999999999913e-10
1.308170000000000073e+03 2.241189999999999888e-10
1.697210000000000036e+03 1.209440000000000065e-10
2.201960000000000036e+03 6.569369999999999825e-11
2.856809999999999945e+03 3.854729999999999752e-11
3.706400000000000091e+03 2.457279999999999966e-11
4.808670000000000073e+03 1.507720000000000042e-11
6.238739999999999782e+03 9.093749999999999293e-12
8.094100000000000364e+03 5.412010000000000080e-12
1.050120000000000073e+04 3.191410000000000030e-12
1.362420000000000073e+04 1.805770000000000090e-12
1.767600000000000000e+04 9.788710000000000201e-13
2.293279999999999927e+04 5.343890000000000366e-13
2.975279999999999927e+04 2.941550000000000224e-13
3.860119999999999709e+04 1.520339999999999962e-13
5.008090000000000146e+04 7.430229999999999885e-14
6.497469999999999709e+04 3.586619999999999893e-14
8.429780000000000291e+04 1.709460000000000132e-14
1.093670000000000000e+05 7.604690000000000120e-15
1.418930000000000000e+05 3.241999999999999827e-15
1.840910000000000000e+05 1.287349999999999905e-15
2.720450000000000000e+05 3.401199999999999929e-16
4.579140000000000000e+05 1.122620000000000086e-16
7.707760000000000000e+05 4.008669999999999794e-17
