3.417099999999999937e+01 3.862580000000000379e-06
4.433319999999999794e+01 1.639130000000000093e-06
5.751769999999999783e+01 6.884370000000000123e-07
7.462309999999999377e+01 3.202179999999999892e-07
9.681550000000000011e+01 1.628349999999999887e-07
1.256080000000000041e+02 9.185399999999999651e-08
1.629629999999999939e+02 5.422410000000000179e-08
2.114269999999999925e+02 2.648530000000000159e-08
2.743050000000000068e+02 1.223180000000000071e-08
3.558809999999999718e+02 5.950690000000000262e-09
4.617180000000000177e+02 2.812420000000000096e-09
5.990299999999999727e+02 1.435559999999999952e-09
7.771789999999999736e+02 7.110370000000000335e-10
1.008309999999999945e+03 2.692230000000000018e-10
1.308170000000000073e+03 1.073600000000000046e-10
1.697210000000000036e+03 4.853520000000000265e-11
2.201960000000000036e+03 2.715380000000000088e-11
2.856809999999999945e+03 2.213809999999999914e-11
3.706400000000000091e+03 1.903179999999999974e-11
4.808670000000000073e+03 1.359220000000000018e-11
6.238739999999999782e+03 8.558229999999999976e-12
8.094100000000000364e+03 5.739590000000000184e-12
1.050120000000000073e+04 3.502260000000000063e-12
1.362420000000000073e+04 2.038989999999999978e-12
1.767600000000000000e+04 1.107580000000000012e-12
2.293279999999999927e+04 5.810260000000000124e-13
2.975279999999999927e+04 3.425580000000000132e-13
3.860119999999999709e+04 1.961040000000000043e-13
5.008090000000000146e+04 1.081279999999999963e-13
6.497469999999999709e+04 5.521689999999999997e-14
8.429780000000000291e+04 2.932929999999999954e-14
1.093670000000000000e+05 1.785769999999999986e-14
1.418930000000000000e+05 9.115049999999999680e-15
1.840910000000000000e+05 4.444599999999999686e-15
2.388380000000000000e+05 2.541099999999999817e-15
3.098680000000000000e+05 1.534000000000000077e-15
4.020200000000000000e+05 1.041830000000000010e-15
5.215790000000000000e+05 6.324039999999999515e-16
6.766940000000000000e+05 3.406960000000000243e-16
8.779380000000000000e+05 1.876370000000000008e-16
