3.417099999999999937e+01 2.625420000000000013e-06
4.433319999999999794e+01 1.244799999999999923e-06
5.751769999999999783e+01 5.868270000000000441e-07
7.462309999999999377e+01 2.835520000000000234e-07
9.681550000000000011e+01 1.419120000000000071e-07
1.256080000000000041e+02 8.025770000000000007e-08
1.629629999999999939e+02 4.763259999999999865e-08
2.114269999999999925e+02 2.511049999999999844e-08
2.743050000000000068e+02 1.300250000000000013e-08
3.558809999999999718e+02 6.740989999999999900e-09
4.617180000000000177e+02 3.355210000000000039e-09
5.990299999999999727e+02 1.713930000000000098e-09
7.771789999999999736e+02 8.574470000000000480e-10
1.008309999999999945e+03 4.131310000000000078e-10
1.308170000000000073e+03 2.204619999999999983e-10
1.697210000000000036e+03 1.201030000000000039e-10
2.201960000000000036e+03 6.413829999999999864e-11
2.856809999999999945e+03 3.817559999999999740e-11
3.706400000000000091e+03 2.627790000000000135e-11
4.808670000000000073e+03 1.648910000000000009e-11
6.238739999999999782e+03 9.745439999999999720e-12
8.094100000000000364e+03 6.414990000000000315e-12
1.050120000000000073e+04 3.616110000000000028e-12
1.362420000000000073e+04 2.076350000000000134e-12
1.767600000000000000e+04 1.238470000000000073e-12
2.293279999999999927e+04 6.716340000000000238e-13
2.975279999999999927e+04 3.834720000000000244e-13
3.860119999999999709e+04 2.272649999999999914e-13
5.008090000000000146e+04 1.240839999999999992e-13
6.497469999999999709e+04 6.228460000000000554e-14
8.429780000000000291e+04 3.171629999999999987e-14
1.093670000000000000e+05 1.680829999999999980e-14
1.418930000000000000e+05 9.221440000000000211e-15
1.840910000000000000e+05 5.242209999999999644e-15
2.388380000000000000e+05 3.153859999999999937e-15
3.098680000000000000e+05 1.731880000000000051e-15
4.020200000000000000e+05 8.310109999999999857e-16
5.215790000000000000e+05 4.929950000000000365e-16
6.766940000000000000e+05 3.536230000000000172e-16
8.779380000000000000e+05 2.453939999999999994e-16
