3.417099999999999937e+01 5.677720000000000419e-06
4.433319999999999794e+01 2.830789999999999794e-06
5.751769999999999783e+01 1.432800000000000072e-06
7.462309999999999377e+01 6.488120000000000529e-07
9.681550000000000011e+01 2.611659999999999975e-07
1.256080000000000041e+02 1.359390000000000104e-07
1.629629999999999939e+02 8.385250000000000259e-08
2.114269999999999925e+02 4.247670000000000077e-08
2.743050000000000068e+02 1.956220000000000096e-08
3.558809999999999718e+02 9.829409999999999871e-09
4.617180000000000177e+02 5.047669999999999796e-09
5.990299999999999727e+02 2.561520000000000063e-09
7.771789999999999736e+02 1.335290000000000049e-09
1.008309999999999945e+03 6.275519999999999852e-10
1.308170000000000073e+03 2.929320000000000075e-10
1.697210000000000036e+03 1.490899999999999990e-10
2.201960000000000036e+03 7.696999999999999373e-11
2.856809999999999945e+03 4.018810000000000079e-11
3.706400000000000091e+03 2.488700000000000089e-11
4.808670000000000073e+03 1.565889999999999904e-11
6.238739999999999782e+03 9.136770000000000053e-12
8.094100000000000364e+03 5.969999999999999805e-12
1.050120000000000073e+04 3.457949999999999821e-12
1.362420000000000073e+04 2.019230000000000071e-12
1.767600000000000000e+04 1.170789999999999901e-12
2.293279999999999927e+04 7.044490000000000208e-13
2.975279999999999927e+04 4.970959999999999854e-13
3.860119999999999709e+04 3.215400000000000112e-13
5.008090000000000146e+04 1.831999999999999918e-13
6.497469999999999709e+04 1.207440000000000104e-13
8.429780000000000291e+04 9.315930000000000372e-14
1.093670000000000000e+05 7.566389999999999478e-14
1.418930000000000000e+05 7.271070000000000036e-14
1.840910000000000000e+05 5.670500000000000299e-14
2.388380000000000000e+05 3.580359999999999826e-14
3.098680000000000000e+05 1.998489999999999861e-14
4.020200000000000000e+05 9.909070000000000698e-15
5.215790000000000000e+05 4.926520000000000228e-15
6.766940000000000000e+05 2.346349999999999956e-15
8.779380000000000000e+05 1.126769999999999966e-15
