3.417099999999999937e+01 5.895510000000000412e-06
4.433319999999999794e+01 3.124589999999999844e-06
5.751769999999999783e+01 1.698469999999999935e-06
7.462309999999999377e+01 7.884840000000000346e-07
9.681550000000000011e+01 3.069570000000000136e-07
1.256080000000000041e+02 1.546709999999999958e-07
1.629629999999999939e+02 8.998790000000000603e-08
2.114269999999999925e+02 4.645760000000000302e-08
2.743050000000000068e+02 2.346799999999999878e-08
3.558809999999999718e+02 1.216449999999999951e-08
4.617180000000000177e+02 6.217750000000000371e-09
5.990299999999999727e+02 3.273750000000000198e-09
7.771789999999999736e+02 1.833780000000000051e-09
1.008309999999999945e+03 8.962869999999999883e-10
1.308170000000000073e+03 4.050430000000000043e-10
1.697210000000000036e+03 1.998830000000000117e-10
2.201960000000000036e+03 9.495069999999999607e-11
2.856809999999999945e+03 5.028420000000000095e-11
3.706400000000000091e+03 3.119699999999999965e-11
4.808670000000000073e+03 1.805600000000000142e-11
6.238739999999999782e+03 1.098049999999999991e-11
8.094100000000000364e+03 7.556960000000000548e-12
1.050120000000000073e+04 4.240889999999999714e-12
1.362420000000000073e+04 2.490590000000000195e-12
1.767600000000000000e+04 1.488680000000000075e-12
2.293279999999999927e+04 8.819709999999999988e-13
2.975279999999999927e+04 6.181230000000000108e-13
3.860119999999999709e+04 4.469790000000000082e-13
5.008090000000000146e+04 2.857139999999999880e-13
6.497469999999999709e+04 1.870959999999999936e-13
8.429780000000000291e+04 1.434009999999999965e-13
1.093670000000000000e+05 1.255909999999999947e-13
1.418930000000000000e+05 1.211620000000000041e-13
1.840910000000000000e+05 8.980739999999999909e-14
2.388380000000000000e+05 5.899040000000000025e-14
3.098680000000000000e+05 3.352339999999999880e-14
4.020200000000000000e+05 1.568900000000000073e-14
5.215790000000000000e+05 7.425860000000000329e-15
6.766940000000000000e+05 3.390790000000000022e-15
8.779380000000000000e+05 1.559180000000000025e-15
