3.417099999999999937e+01 4.740870000000000232e-06
4.433319999999999794e+01 2.391149999999999968e-06
5.751769999999999783e+01 1.230739999999999968e-06
7.462309999999999377e+01 5.291950000000000214e-07
9.681550000000000011e+01 1.923629999999999868e-07
1.256080000000000041e+02 9.506099999999999340e-08
1.629629999999999939e+02 5.656099999999999938e-08
2.114269999999999925e+02 3.010119999999999693e-08
2.743050000000000068e+02 1.576089999999999921e-08
3.558809999999999718e+02 8.295310000000000381e-09
4.617180000000000177e+02 4.310909999999999954e-09
5.990299999999999727e+02 2.299869999999999835e-09
7.771789999999999736e+02 1.220840000000000098e-09
1.008309999999999945e+03 6.196990000000000331e-10
1.308170000000000073e+03 3.248300000000000043e-10
1.697210000000000036e+03 1.699670000000000087e-10
2.201960000000000036e+03 8.974040000000000321e-11
2.856809999999999945e+03 4.905590000000000143e-11
3.706400000000000091e+03 2.905219999999999934e-11
4.808670000000000073e+03 1.701390000000000044e-11
6.238739999999999782e+03 1.025079999999999990e-11
8.094100000000000364e+03 6.672580000000000230e-12
1.050120000000000073e+04 3.720070000000000324e-12
1.362420000000000073e+04 2.215340000000000131e-12
1.767600000000000000e+04 1.267830000000000061e-12
2.293279999999999927e+04 7.227689999999999871e-13
2.975279999999999927e+04 5.052469999999999776e-13
3.860119999999999709e+04 3.308880000000000235e-13
5.008090000000000146e+04 1.851909999999999881e-13
6.497469999999999709e+04 1.078200000000000015e-13
8.429780000000000291e+04 6.806409999999999621e-14
1.093670000000000000e+05 4.761160000000000081e-14
1.418930000000000000e+05 3.974930000000000083e-14
1.840910000000000000e+05 2.706329999999999940e-14
2.388380000000000000e+05 1.602790000000000156e-14
3.098680000000000000e+05 8.245070000000000480e-15
4.020200000000000000e+05 3.425459999999999854e-15
5.215790000000000000e+05 1.756229999999999943e-15
6.766940000000000000e+05 1.051909999999999969e-15
8.779380000000000000e+05 6.122650000000000004e-16
