3.368030000000000257e+01 3.339469999999999978e-06 6.094730000000000108e-09
4.245060000000000144e+01 1.547519999999999924e-06 1.698930000000000047e-09
5.350469999999999970e+01 7.122110000000000239e-07 1.275190000000000019e-09
6.743739999999999668e+01 3.444640000000000066e-07 6.293689999999999594e-10
8.499809999999999377e+01 1.611920000000000050e-07 4.353659999999999832e-10
1.071320000000000050e+02 1.116570000000000052e-07 2.188219999999999915e-10
1.350289999999999964e+02 7.874640000000000427e-08 1.894789999999999926e-10
1.701899999999999977e+02 4.689840000000000257e-08 8.733950000000000120e-11
2.145080000000000098e+02 2.859219999999999976e-08 7.565409999999999365e-11
2.703650000000000091e+02 1.684529999999999931e-08 3.506159999999999915e-11
3.407690000000000055e+02 9.935639999999999823e-09 2.615069999999999842e-11
4.295049999999999955e+02 5.673520000000000070e-09 1.495150000000000066e-11
5.413479999999999563e+02 3.243710000000000165e-09 1.042830000000000071e-11
6.823150000000000546e+02 1.820540000000000002e-09 6.804709999999999992e-12
8.599900000000000091e+02 1.040980000000000059e-09 4.359369999999999831e-12
1.083930000000000064e+03 6.108479999999999983e-10 3.122279999999999899e-12
1.366190000000000055e+03 3.476259999999999843e-10 1.798960000000000041e-12
1.721940000000000055e+03 1.929259999999999912e-10 1.326960000000000033e-12
2.170340000000000146e+03 1.126690000000000015e-10 7.118239999999999767e-13
2.735489999999999782e+03 6.662509999999999568e-11 5.982590000000000461e-13
3.447809999999999945e+03 3.980389999999999683e-11 3.005290000000000112e-13
4.345619999999999891e+03 2.353550000000000044e-11 2.708589999999999973e-13
5.477229999999999563e+03 1.491440000000000035e-11 1.375250000000000123e-13
6.903500000000000000e+03 9.457479999999999804e-12 1.313629999999999977e-13
8.701170000000000073e+03 5.467280000000000106e-12 6.683240000000000106e-14
1.096700000000000000e+04 3.215150000000000088e-12 5.570770000000000077e-14
1.382270000000000073e+04 1.869160000000000085e-12 2.832919999999999972e-14
1.742220000000000073e+04 1.097779999999999993e-12 2.491559999999999962e-14
2.195890000000000146e+04 6.108069999999999842e-13 1.197260000000000053e-14
2.767700000000000000e+04 3.413809999999999769e-13 9.469789999999999602e-15
3.488409999999999854e+04 1.938030000000000073e-13 5.769010000000000237e-15
4.396800000000000000e+04 1.118220000000000030e-13 3.574700000000000283e-15
5.541719999999999709e+04 6.587910000000000350e-14 3.179789999999999946e-15
6.984789999999999418e+04 3.303160000000000134e-14 1.497920000000000091e-15
8.803630000000000291e+04 1.705550000000000114e-14 1.235660000000000046e-15
1.109610000000000000e+05 8.857360000000000022e-15 6.405500000000000251e-16
1.398550000000000000e+05 4.621459999999999961e-15 4.039329999999999907e-16
1.762730000000000000e+05 2.410589999999999990e-15 3.056800000000000190e-16
2.221750000000000000e+05 1.252259999999999960e-15 1.714849999999999900e-16
2.800290000000000000e+05 6.496999999999999865e-16 1.195090000000000010e-16
3.529490000000000000e+05 3.371629999999999924e-16 8.861540000000000073e-17
4.448570000000000000e+05 1.749629999999999895e-16 6.172960000000000470e-17
5.606980000000000000e+05 9.079370000000000400e-17 4.060809999999999888e-17
7.067040000000000000e+05 4.711559999999999911e-17 2.562320000000000091e-17
8.907290000000000000e+05 2.444970000000000018e-17 1.568670000000000143e-17
1.000000000000000000e+06 1.761273672532725242e-17 0.000000000000000000e+00
2.000000000000000000e+06 2.469186494365700006e-18 0.000000000000000000e+00
3.000000000000000000e+06 7.823862582598260242e-19 0.000000000000000000e+00
