3.417099999999999937e+01 2.165789999999999808e-06
4.433319999999999794e+01 1.094049999999999927e-06
5.751769999999999783e+01 5.507970000000000053e-07
7.462309999999999377e+01 2.736489999999999909e-07
9.681550000000000011e+01 1.371109999999999894e-07
1.256080000000000041e+02 7.724180000000000018e-08
1.629629999999999939e+02 4.548119999999999965e-08
2.114269999999999925e+02 2.490539999999999880e-08
2.743050000000000068e+02 1.360100000000000049e-08
3.558809999999999718e+02 7.153719999999999984e-09
4.617180000000000177e+02 3.568119999999999875e-09
5.990299999999999727e+02 1.857509999999999927e-09
7.771789999999999736e+02 9.623729999999999812e-10
1.008309999999999945e+03 4.950940000000000276e-10
1.308170000000000073e+03 2.740090000000000099e-10
1.697210000000000036e+03 1.468799999999999881e-10
2.201960000000000036e+03 7.758660000000000223e-11
2.856809999999999945e+03 4.337219999999999809e-11
3.706400000000000091e+03 2.682140000000000121e-11
4.808670000000000073e+03 1.595939999999999842e-11
6.238739999999999782e+03 9.560730000000000197e-12
8.094100000000000364e+03 6.171909999999999699e-12
1.050120000000000073e+04 3.382080000000000065e-12
1.362420000000000073e+04 2.000620000000000012e-12
1.767600000000000000e+04 1.164759999999999977e-12
2.293279999999999927e+04 6.179240000000000436e-13
2.975279999999999927e+04 3.698140000000000032e-13
3.860119999999999709e+04 2.102399999999999958e-13
5.008090000000000146e+04 1.024240000000000061e-13
6.497469999999999709e+04 5.086359999999999922e-14
8.429780000000000291e+04 2.738439999999999904e-14
1.093670000000000000e+05 1.455619999999999936e-14
1.418930000000000000e+05 7.861129999999999215e-15
1.840910000000000000e+05 4.428369999999999815e-15
2.388380000000000000e+05 2.611039999999999924e-15
3.098680000000000000e+05 1.536020000000000059e-15
4.020200000000000000e+05 8.686850000000000334e-16
5.215790000000000000e+05 5.808600000000000354e-16
6.766940000000000000e+05 4.567449999999999898e-16
8.779380000000000000e+05 3.494729999999999892e-16
