3.417099999999999937e+01 1.281709999999999965e-05
4.433319999999999794e+01 5.966549999999999651e-06
5.751769999999999783e+01 2.819929999999999867e-06
7.462309999999999377e+01 1.195459999999999986e-06
9.681550000000000011e+01 4.462750000000000174e-07
1.256080000000000041e+02 2.354710000000000046e-07
1.629629999999999939e+02 1.589980000000000054e-07
2.114269999999999925e+02 8.980280000000000261e-08
2.743050000000000068e+02 4.782100000000000185e-08
3.558809999999999718e+02 2.640679999999999860e-08
4.617180000000000177e+02 1.446750000000000034e-08
5.990299999999999727e+02 8.982209999999999736e-09
7.771789999999999736e+02 6.569720000000000346e-09
1.008309999999999945e+03 3.624199999999999955e-09
1.308170000000000073e+03 1.555079999999999969e-09
1.697210000000000036e+03 7.083049999999999648e-10
2.201960000000000036e+03 3.444530000000000098e-10
2.856809999999999945e+03 1.821779999999999938e-10
3.706400000000000091e+03 1.059669999999999971e-10
4.808670000000000073e+03 7.095249999999999357e-11
6.238739999999999782e+03 5.330639999999999751e-11
8.094100000000000364e+03 3.941620000000000162e-11
1.050120000000000073e+04 2.472120000000000093e-11
1.362420000000000073e+04 1.549180000000000150e-11
1.767600000000000000e+04 9.236049999999999606e-12
2.293279999999999927e+04 5.128379999999999601e-12
2.975279999999999927e+04 3.410260000000000051e-12
3.860119999999999709e+04 2.187479999999999884e-12
5.008090000000000146e+04 1.162170000000000086e-12
6.497469999999999709e+04 5.715330000000000043e-13
8.429780000000000291e+04 2.967179999999999783e-13
1.093670000000000000e+05 1.721500000000000036e-13
1.418930000000000000e+05 9.089120000000000302e-14
1.840910000000000000e+05 4.819890000000000150e-14
2.388380000000000000e+05 2.941030000000000066e-14
3.098680000000000000e+05 1.807630000000000069e-14
4.020200000000000000e+05 1.156949999999999995e-14
5.215790000000000000e+05 6.889819999999999609e-15
6.766940000000000000e+05 3.789940000000000207e-15
8.779380000000000000e+05 2.115500000000000159e-15
