3.417099999999999937e+01 1.788829999999999905e-06
4.433319999999999794e+01 9.299839999999999715e-07
5.751769999999999783e+01 4.807799999999999945e-07
7.462309999999999377e+01 2.467830000000000202e-07
9.681550000000000011e+01 1.295190000000000099e-07
1.256080000000000041e+02 7.486850000000000631e-08
1.629629999999999939e+02 4.421259999999999847e-08
2.114269999999999925e+02 2.476720000000000025e-08
2.743050000000000068e+02 1.396550000000000022e-08
3.558809999999999718e+02 7.429609999999999948e-09
4.617180000000000177e+02 3.711079999999999969e-09
5.990299999999999727e+02 1.837019999999999928e-09
7.771789999999999736e+02 9.291220000000000099e-10
1.008309999999999945e+03 5.588060000000000243e-10
1.308170000000000073e+03 3.423939999999999759e-10
1.697210000000000036e+03 1.627659999999999888e-10
2.201960000000000036e+03 7.534910000000000091e-11
2.856809999999999945e+03 4.018589999999999742e-11
3.706400000000000091e+03 2.461809999999999988e-11
4.808670000000000073e+03 1.352249999999999938e-11
6.238739999999999782e+03 7.638170000000000764e-12
8.094100000000000364e+03 5.146700000000000274e-12
1.050120000000000073e+04 2.767640000000000110e-12
1.362420000000000073e+04 1.556109999999999920e-12
1.767600000000000000e+04 8.979519999999999688e-13
2.293279999999999927e+04 4.662249999999999647e-13
2.975279999999999927e+04 2.755430000000000205e-13
3.860119999999999709e+04 1.531529999999999988e-13
5.008090000000000146e+04 6.870040000000000381e-14
6.497469999999999709e+04 3.338539999999999853e-14
8.429780000000000291e+04 1.933629999999999986e-14
1.093670000000000000e+05 9.420290000000000672e-15
1.418930000000000000e+05 3.847729999999999909e-15
1.840910000000000000e+05 1.701830000000000085e-15
2.388380000000000000e+05 8.941989999999999980e-16
3.098680000000000000e+05 4.636040000000000486e-16
4.020200000000000000e+05 2.096759999999999927e-16
5.215790000000000000e+05 1.488620000000000018e-16
6.766940000000000000e+05 1.639300000000000083e-16
8.779380000000000000e+05 1.686580000000000034e-16
