3.417099999999999937e+01 7.833969999999999467e-06
4.433319999999999794e+01 3.808460000000000210e-06
5.751769999999999783e+01 1.881820000000000052e-06
7.462309999999999377e+01 8.186980000000000430e-07
9.681550000000000011e+01 3.138739999999999954e-07
1.256080000000000041e+02 1.608150000000000011e-07
1.629629999999999939e+02 9.897750000000000071e-08
2.114269999999999925e+02 5.076879999999999864e-08
2.743050000000000068e+02 2.388210000000000049e-08
3.558809999999999718e+02 1.207219999999999973e-08
4.617180000000000177e+02 6.384140000000000249e-09
5.990299999999999727e+02 3.392229999999999979e-09
7.771789999999999736e+02 1.822590000000000010e-09
1.008309999999999945e+03 9.103749999999999711e-10
1.308170000000000073e+03 4.220690000000000135e-10
1.697210000000000036e+03 1.987040000000000047e-10
2.201960000000000036e+03 1.095460000000000036e-10
2.856809999999999945e+03 6.218129999999999961e-11
3.706400000000000091e+03 3.343160000000000065e-11
4.808670000000000073e+03 1.813249999999999852e-11
6.238739999999999782e+03 1.040860000000000070e-11
8.094100000000000364e+03 6.576680000000000205e-12
1.050120000000000073e+04 3.741759999999999598e-12
1.362420000000000073e+04 2.222119999999999825e-12
1.767600000000000000e+04 1.328450000000000060e-12
2.293279999999999927e+04 7.727979999999999550e-13
2.975279999999999927e+04 5.017919999999999686e-13
3.860119999999999709e+04 3.288340000000000102e-13
5.008090000000000146e+04 1.985579999999999957e-13
6.497469999999999709e+04 1.211789999999999979e-13
8.429780000000000291e+04 8.141549999999999776e-14
1.093670000000000000e+05 6.841880000000000176e-14
1.418930000000000000e+05 6.708090000000000500e-14
1.840910000000000000e+05 4.844939999999999877e-14
2.388380000000000000e+05 3.329969999999999795e-14
3.098680000000000000e+05 1.964449999999999962e-14
4.020200000000000000e+05 8.743620000000000663e-15
5.215790000000000000e+05 4.277859999999999663e-15
6.766940000000000000e+05 2.205160000000000121e-15
8.779380000000000000e+05 1.125399999999999907e-15
