3.417099999999999937e+01 2.959289999999999919e-06
4.433319999999999794e+01 1.343710000000000006e-06
5.751769999999999783e+01 6.050040000000000354e-07
7.462309999999999377e+01 2.895089999999999754e-07
9.681550000000000011e+01 1.444619999999999869e-07
1.256080000000000041e+02 7.801670000000000005e-08
1.629629999999999939e+02 4.652679999999999943e-08
2.114269999999999925e+02 2.558099999999999924e-08
2.743050000000000068e+02 1.332829999999999998e-08
3.558809999999999718e+02 6.839789999999999601e-09
4.617180000000000177e+02 3.405119999999999921e-09
5.990299999999999727e+02 1.737930000000000015e-09
7.771789999999999736e+02 9.005399999999999735e-10
1.008309999999999945e+03 4.711529999999999962e-10
1.308170000000000073e+03 2.501010000000000031e-10
1.697210000000000036e+03 1.311899999999999885e-10
2.201960000000000036e+03 6.690809999999999356e-11
2.856809999999999945e+03 3.835040000000000025e-11
3.706400000000000091e+03 2.473680000000000098e-11
4.808670000000000073e+03 1.493039999999999866e-11
6.238739999999999782e+03 8.627409999999999485e-12
8.094100000000000364e+03 5.103559999999999713e-12
1.050120000000000073e+04 3.083059999999999992e-12
1.362420000000000073e+04 1.784170000000000061e-12
1.767600000000000000e+04 9.931380000000000037e-13
2.293279999999999927e+04 5.591130000000000431e-13
2.975279999999999927e+04 3.211020000000000085e-13
3.860119999999999709e+04 1.668610000000000046e-13
5.008090000000000146e+04 7.834099999999999405e-14
6.497469999999999709e+04 3.925079999999999796e-14
8.429780000000000291e+04 2.084199999999999906e-14
1.093670000000000000e+05 9.854569999999999516e-15
1.418930000000000000e+05 4.425459999999999931e-15
1.840910000000000000e+05 1.701879999999999958e-15
2.720450000000000000e+05 4.558369999999999758e-16
4.579140000000000000e+05 1.524559999999999967e-16
7.707760000000000000e+05 5.431419999999999715e-17
