3.417099999999999937e+01 8.031520000000000651e-06
4.433319999999999794e+01 3.930120000000000414e-06
5.751769999999999783e+01 1.973519999999999953e-06
7.462309999999999377e+01 8.392420000000000448e-07
9.681550000000000011e+01 2.941409999999999867e-07
1.256080000000000041e+02 1.451249999999999975e-07
1.629629999999999939e+02 8.991309999999999797e-08
2.114269999999999925e+02 4.648990000000000259e-08
2.743050000000000068e+02 2.245910000000000157e-08
3.558809999999999718e+02 1.151570000000000067e-08
4.617180000000000177e+02 5.954380000000000277e-09
5.990299999999999727e+02 3.155139999999999922e-09
7.771789999999999736e+02 1.779019999999999922e-09
1.008309999999999945e+03 8.750910000000000338e-10
1.308170000000000073e+03 3.982679999999999941e-10
1.697210000000000036e+03 1.967499999999999927e-10
2.201960000000000036e+03 9.296380000000000420e-11
2.856809999999999945e+03 4.926080000000000271e-11
3.706400000000000091e+03 3.071729999999999716e-11
4.808670000000000073e+03 1.783990000000000035e-11
6.238739999999999782e+03 1.088239999999999975e-11
8.094100000000000364e+03 7.501310000000000073e-12
1.050120000000000073e+04 4.209829999999999642e-12
1.362420000000000073e+04 2.472129999999999888e-12
1.767600000000000000e+04 1.476529999999999970e-12
2.293279999999999927e+04 8.752000000000000472e-13
2.975279999999999927e+04 6.145409999999999964e-13
3.860119999999999709e+04 4.444429999999999875e-13
5.008090000000000146e+04 2.836360000000000043e-13
6.497469999999999709e+04 1.856739999999999922e-13
8.429780000000000291e+04 1.423639999999999980e-13
1.093670000000000000e+05 1.248380000000000079e-13
1.418930000000000000e+05 1.207639999999999941e-13
1.840910000000000000e+05 8.957269999999999707e-14
2.388380000000000000e+05 5.875790000000000603e-14
3.098680000000000000e+05 3.338560000000000039e-14
4.020200000000000000e+05 1.563539999999999843e-14
5.215790000000000000e+05 7.398109999999999828e-15
6.766940000000000000e+05 3.374429999999999890e-15
8.779380000000000000e+05 1.550200000000000025e-15
