3.417099999999999937e+01 7.318440000000000356e-06
4.433319999999999794e+01 3.841920000000000140e-06
5.751769999999999783e+01 2.067330000000000076e-06
7.462309999999999377e+01 9.227910000000000474e-07
9.681550000000000011e+01 3.431459999999999944e-07
1.256080000000000041e+02 1.737560000000000109e-07
1.629629999999999939e+02 1.051670000000000046e-07
2.114269999999999925e+02 5.429869999999999903e-08
2.743050000000000068e+02 2.708809999999999955e-08
3.558809999999999718e+02 1.405319999999999941e-08
4.617180000000000177e+02 7.212230000000000023e-09
5.990299999999999727e+02 3.850469999999999836e-09
7.771789999999999736e+02 2.089909999999999869e-09
1.008309999999999945e+03 9.849170000000000224e-10
1.308170000000000073e+03 4.656620000000000407e-10
1.697210000000000036e+03 2.390750000000000249e-10
2.201960000000000036e+03 1.271580000000000121e-10
2.856809999999999945e+03 6.768909999999999841e-11
3.706400000000000091e+03 3.718410000000000268e-11
4.808670000000000073e+03 2.099299999999999991e-11
6.238739999999999782e+03 1.229879999999999925e-11
8.094100000000000364e+03 7.858359999999999243e-12
1.050120000000000073e+04 4.276700000000000144e-12
1.362420000000000073e+04 2.451649999999999959e-12
1.767600000000000000e+04 1.490180000000000018e-12
2.293279999999999927e+04 8.725220000000000459e-13
2.975279999999999927e+04 5.701799999999999999e-13
3.860119999999999709e+04 3.889470000000000087e-13
5.008090000000000146e+04 2.465480000000000012e-13
6.497469999999999709e+04 1.512099999999999938e-13
8.429780000000000291e+04 9.765920000000000255e-14
1.093670000000000000e+05 7.036529999999999503e-14
1.418930000000000000e+05 5.876229999999999640e-14
1.840910000000000000e+05 4.252959999999999909e-14
2.388380000000000000e+05 2.834490000000000035e-14
3.098680000000000000e+05 1.591949999999999846e-14
4.020200000000000000e+05 7.155389999999999702e-15
5.215790000000000000e+05 3.586509999999999976e-15
6.766940000000000000e+05 1.916260000000000100e-15
8.779380000000000000e+05 1.011519999999999918e-15
