3.368030000000000257e+01 1.039320000000000071e-06 6.141740000000000341e-09
4.245060000000000144e+01 5.894549999999999535e-07 2.078219999999999881e-09
5.350469999999999970e+01 3.324249999999999873e-07 1.508739999999999900e-09
6.743739999999999668e+01 1.947340000000000019e-07 8.330370000000000258e-10
8.499809999999999377e+01 1.132739999999999991e-07 5.695340000000000311e-10
1.071320000000000050e+02 7.892970000000000300e-08 2.831069999999999923e-10
1.350289999999999964e+02 5.673590000000000050e-08 2.417540000000000008e-10
1.701899999999999977e+02 3.295409999999999728e-08 1.088309999999999962e-10
2.145080000000000098e+02 1.963960000000000071e-08 9.221319999999999647e-11
2.703650000000000091e+02 1.198930000000000036e-08 3.930180000000000122e-11
3.407690000000000055e+02 7.274989999999999918e-09 2.825359999999999989e-11
4.295049999999999955e+02 4.404620000000000037e-09 1.564870000000000137e-11
5.413479999999999563e+02 2.613799999999999804e-09 1.108769999999999929e-11
6.823150000000000546e+02 1.457249999999999905e-09 7.018830000000000295e-12
8.599900000000000091e+02 8.368560000000000102e-10 4.496439999999999771e-12
1.083930000000000064e+03 4.953869999999999562e-10 3.212750000000000018e-12
1.366190000000000055e+03 2.808289999999999926e-10 1.854970000000000122e-12
1.721940000000000055e+03 1.540330000000000098e-10 1.382520000000000050e-12
2.170340000000000146e+03 8.895540000000000282e-11 7.410699999999999917e-13
2.735489999999999782e+03 5.172549999999999886e-11 6.244110000000000341e-13
3.447809999999999945e+03 3.133819999999999989e-11 3.151150000000000159e-13
4.345619999999999891e+03 1.896470000000000057e-11 2.876769999999999767e-13
5.477229999999999563e+03 1.159410000000000045e-11 1.418790000000000006e-13
6.903500000000000000e+03 7.140269999999999826e-12 1.322310000000000047e-13
8.701170000000000073e+03 4.063859999999999609e-12 6.673930000000000119e-14
1.096700000000000000e+04 2.349699999999999974e-12 5.484120000000000138e-14
1.382270000000000073e+04 1.369069999999999941e-12 2.794379999999999941e-14
1.742220000000000073e+04 7.984009999999999823e-13 2.440020000000000076e-14
2.195890000000000146e+04 4.584869999999999830e-13 1.191060000000000070e-14
2.767700000000000000e+04 2.648560000000000076e-13 9.558839999999999738e-15
3.488409999999999854e+04 1.489549999999999949e-13 5.787099999999999709e-15
4.396800000000000000e+04 8.099649999999999470e-14 3.492240000000000122e-15
5.541719999999999709e+04 4.480470000000000168e-14 2.942410000000000021e-15
6.984789999999999418e+04 2.301249999999999913e-14 1.457680000000000052e-15
8.803630000000000291e+04 1.223390000000000026e-14 1.256020000000000045e-15
1.109610000000000000e+05 5.632859999999999790e-15 6.592069999999999652e-16
1.398550000000000000e+05 2.471349999999999817e-15 4.616879999999999796e-16
1.762730000000000000e+05 1.148660000000000012e-15 3.291789999999999892e-16
2.221750000000000000e+05 3.718079999999999863e-16 2.142149999999999961e-16
2.800290000000000000e+05 1.096060000000000006e-16 1.389929999999999937e-16
3.529490000000000000e+05 3.301359999999999819e-17 6.604299999999999902e-17
4.448570000000000000e+05 9.894319999999999287e-18 2.712080000000000132e-17
5.606980000000000000e+05 2.968810000000000075e-18 1.034510000000000052e-17
7.067040000000000000e+05 8.905579999999999955e-19 3.766649999999999906e-18
8.907290000000000000e+05 2.671580000000000039e-19 1.329179999999999964e-18
1.000000000000000000e+06 1.463252112506135255e-19 0.000000000000000000e+00
2.000000000000000000e+06 3.973816518200478721e-21 0.000000000000000000e+00
3.000000000000000000e+06 4.820492367075721480e-22 0.000000000000000000e+00
