3.368030000000000257e+01 1.718859999999999921e-06 6.805999999999999865e-09
4.245060000000000144e+01 9.397149999999999678e-07 2.220490000000000053e-09
5.350469999999999970e+01 5.118430000000000392e-07 1.570359999999999941e-09
6.743739999999999668e+01 2.859479999999999874e-07 8.325540000000000183e-10
8.499809999999999377e+01 1.575930000000000004e-07 5.544670000000000251e-10
1.071320000000000050e+02 1.034689999999999983e-07 2.660139999999999770e-10
1.350289999999999964e+02 6.962859999999999921e-08 2.237369999999999947e-10
1.701899999999999977e+02 3.909339999999999985e-08 1.023650000000000001e-10
2.145080000000000098e+02 2.242940000000000032e-08 8.642870000000000471e-11
2.703650000000000091e+02 1.330259999999999995e-08 4.044520000000000138e-11
3.407690000000000055e+02 7.847879999999999994e-09 3.015550000000000252e-11
4.295049999999999955e+02 4.688410000000000357e-09 1.712540000000000052e-11
5.413479999999999563e+02 2.746360000000000016e-09 1.207599999999999984e-11
6.823150000000000546e+02 1.521050000000000036e-09 7.538049999999999369e-12
8.599900000000000091e+02 8.797819999999999507e-10 4.827540000000000249e-12
1.083930000000000064e+03 5.372369999999999719e-10 3.400350000000000147e-12
1.366190000000000055e+03 3.094920000000000000e-10 1.959949999999999944e-12
1.721940000000000055e+03 1.715070000000000107e-10 1.404539999999999991e-12
2.170340000000000146e+03 9.968999999999999386e-11 7.471199999999999507e-13
2.735489999999999782e+03 5.831360000000000065e-11 6.176509999999999700e-13
3.447809999999999945e+03 3.526620000000000174e-11 3.106219999999999865e-13
4.345619999999999891e+03 2.108730000000000043e-11 2.797460000000000078e-13
5.477229999999999563e+03 1.358789999999999949e-11 1.419320000000000005e-13
6.903500000000000000e+03 8.754550000000000092e-12 1.360580000000000095e-13
8.701170000000000073e+03 5.148449999999999938e-12 6.901210000000000136e-14
1.096700000000000000e+04 3.072400000000000116e-12 5.795979999999999806e-14
1.382270000000000073e+04 1.756090000000000043e-12 2.926780000000000278e-14
1.742220000000000073e+04 1.022120000000000092e-12 2.564249999999999966e-14
2.195890000000000146e+04 5.554530000000000365e-13 1.223369999999999998e-14
2.767700000000000000e+04 3.030859999999999871e-13 9.617040000000000565e-15
3.488409999999999854e+04 1.707120000000000051e-13 5.817720000000000194e-15
4.396800000000000000e+04 9.950970000000000057e-14 3.633729999999999982e-15
5.541719999999999709e+04 5.959949999999999510e-14 3.283969999999999994e-15
6.984789999999999418e+04 2.845880000000000087e-14 1.530750000000000074e-15
8.803630000000000291e+04 1.417890000000000011e-14 1.243829999999999940e-15
1.109610000000000000e+05 7.079460000000000064e-15 6.362059999999999688e-16
1.398550000000000000e+05 3.543009999999999959e-15 4.142490000000000088e-16
1.762730000000000000e+05 1.802740000000000180e-15 3.115369999999999779e-16
2.221750000000000000e+05 8.130930000000000168e-16 1.718290000000000061e-16
2.800290000000000000e+05 3.544720000000000040e-16 1.240589999999999960e-16
3.529490000000000000e+05 1.556239999999999971e-16 8.233649999999999942e-17
4.448570000000000000e+05 6.822410000000000354e-17 4.905259999999999736e-17
5.606980000000000000e+05 2.991789999999999701e-17 2.731520000000000084e-17
7.067040000000000000e+05 1.311890000000000035e-17 1.454839999999999879e-17
8.907290000000000000e+05 5.752640000000000229e-18 7.512969999999999243e-18
1.000000000000000000e+06 3.809348511267430921e-18 0.000000000000000000e+00
2.000000000000000000e+06 3.224929561868444035e-19 0.000000000000000000e+00
3.000000000000000000e+06 7.607590327844986441e-20 0.000000000000000000e+00
