3.368030000000000257e+01 1.534400000000000081e-06 8.036670000000000125e-09
4.245060000000000144e+01 8.608630000000000238e-07 2.689240000000000114e-09
5.350469999999999970e+01 4.823690000000000229e-07 1.915860000000000041e-09
6.743739999999999668e+01 2.726180000000000129e-07 1.022510000000000019e-09
8.499809999999999377e+01 1.500300000000000008e-07 6.692639999999999545e-10
1.071320000000000050e+02 9.976370000000000282e-08 3.213900000000000141e-10
1.350289999999999964e+02 6.818780000000000394e-08 2.680670000000000112e-10
1.701899999999999977e+02 3.807569999999999994e-08 1.203390000000000122e-10
2.145080000000000098e+02 2.176239999999999839e-08 1.003369999999999995e-10
2.703650000000000091e+02 1.308750000000000056e-08 4.621839999999999701e-11
3.407690000000000055e+02 7.786819999999999379e-09 3.428099999999999903e-11
4.295049999999999955e+02 4.632749999999999744e-09 1.916349999999999927e-11
5.413479999999999563e+02 2.713030000000000091e-09 1.346680000000000074e-11
6.823150000000000546e+02 1.511800000000000094e-09 8.397869999999999637e-12
8.599900000000000091e+02 8.685369999999999549e-10 5.348299999999999738e-12
1.083930000000000064e+03 5.167310000000000430e-10 3.722860000000000153e-12
1.366190000000000055e+03 2.951560000000000094e-10 2.133600000000000118e-12
1.721940000000000055e+03 1.634599999999999970e-10 1.537620000000000066e-12
2.170340000000000146e+03 9.550900000000000592e-11 8.193850000000000472e-13
2.735489999999999782e+03 5.633420000000000203e-11 6.777929999999999978e-13
3.447809999999999945e+03 3.426280000000000058e-11 3.397280000000000141e-13
4.345619999999999891e+03 2.065479999999999959e-11 3.053579999999999798e-13
5.477229999999999563e+03 1.321600000000000023e-11 1.528349999999999995e-13
6.903500000000000000e+03 8.481690000000000789e-12 1.452350000000000117e-13
8.701170000000000073e+03 4.923240000000000336e-12 7.240709999999999598e-14
1.096700000000000000e+04 2.908319999999999870e-12 6.009440000000000241e-14
1.382270000000000073e+04 1.671380000000000094e-12 3.030000000000000090e-14
1.742220000000000073e+04 9.760080000000000555e-13 2.653840000000000067e-14
2.195890000000000146e+04 5.296109999999999735e-13 1.262289999999999928e-14
2.767700000000000000e+04 2.885349999999999918e-13 9.891310000000000188e-15
3.488409999999999854e+04 1.629780000000000099e-13 5.994060000000000216e-15
4.396800000000000000e+04 9.586850000000000444e-14 3.748479999999999726e-15
5.541719999999999709e+04 5.763599999999999544e-14 3.392969999999999990e-15
6.984789999999999418e+04 2.844190000000000172e-14 1.601750000000000044e-15
8.803630000000000291e+04 1.464410000000000144e-14 1.330860000000000094e-15
1.109610000000000000e+05 7.257839999999999622e-15 6.810870000000000368e-16
1.398550000000000000e+05 3.558940000000000200e-15 4.436819999999999785e-16
1.762730000000000000e+05 1.782649999999999888e-15 3.300169999999999843e-16
2.221750000000000000e+05 7.785240000000000461e-16 1.803889999999999913e-16
2.800290000000000000e+05 3.272830000000000172e-16 1.289960000000000060e-16
3.529490000000000000e+05 1.386859999999999968e-16 8.307340000000000356e-17
4.448570000000000000e+05 5.866999999999999981e-17 4.781020000000000156e-17
5.606980000000000000e+05 2.482860000000000053e-17 2.569630000000000093e-17
7.067040000000000000e+05 1.050650000000000029e-17 1.320630000000000036e-17
8.907290000000000000e+05 4.445990000000000330e-18 6.580370000000000061e-18
1.000000000000000000e+06 2.892159588507728028e-18 0.000000000000000000e+00
2.000000000000000000e+06 2.200846268779673866e-19 0.000000000000000000e+00
3.000000000000000000e+06 4.877885663654466528e-20 0.000000000000000000e+00
