3.417099999999999937e+01 2.165800000000000084e-06
4.433319999999999794e+01 1.094049999999999927e-06
5.751769999999999783e+01 5.507959999999999777e-07
7.462309999999999377e+01 2.736509999999999931e-07
9.681550000000000011e+01 1.371159999999999951e-07
1.256080000000000041e+02 7.724380000000000244e-08
1.629629999999999939e+02 4.548139999999999723e-08
2.114269999999999925e+02 2.490520000000000122e-08
2.743050000000000068e+02 1.360119999999999973e-08
3.558809999999999718e+02 7.153830000000000307e-09
4.617180000000000177e+02 3.568249999999999956e-09
5.990299999999999727e+02 1.857530000000000099e-09
7.771789999999999736e+02 9.622749999999999677e-10
1.008309999999999945e+03 4.950950000000000362e-10
1.308170000000000073e+03 2.741639999999999954e-10
1.697210000000000036e+03 1.468209999999999989e-10
2.201960000000000036e+03 7.739969999999999381e-11
2.856809999999999945e+03 4.310790000000000295e-11
3.706400000000000091e+03 2.655049999999999920e-11
4.808670000000000073e+03 1.559810000000000156e-11
6.238739999999999782e+03 9.164990000000000512e-12
8.094100000000000364e+03 5.748389999999999904e-12
1.050120000000000073e+04 3.015839999999999799e-12
1.362420000000000073e+04 1.751270000000000069e-12
1.767600000000000000e+04 1.024610000000000013e-12
2.293279999999999927e+04 5.368550000000000384e-13
2.975279999999999927e+04 3.145800000000000086e-13
3.860119999999999709e+04 1.722770000000000090e-13
5.008090000000000146e+04 7.934389999999999778e-14
6.497469999999999709e+04 3.770259999999999855e-14
8.429780000000000291e+04 1.988609999999999945e-14
1.093670000000000000e+05 9.342619999999999550e-15
1.418930000000000000e+05 3.986020000000000032e-15
1.840910000000000000e+05 2.029699999999999829e-15
2.388380000000000000e+05 1.305909999999999954e-15
3.098680000000000000e+05 5.057460000000000143e-16
4.020200000000000000e+05 1.102099999999999952e-16
5.215790000000000000e+05 6.723779999999999824e-17
6.766940000000000000e+05 9.768899999999999842e-17
8.779380000000000000e+05 1.248820000000000046e-16
