3.417099999999999937e+01 1.026049999999999900e-06
4.433319999999999794e+01 6.591870000000000382e-07
5.751769999999999783e+01 4.293580000000000255e-07
7.462309999999999377e+01 2.474040000000000096e-07
9.681550000000000011e+01 1.311460000000000019e-07
1.256080000000000041e+02 7.376929999999999340e-08
1.629629999999999939e+02 3.986540000000000174e-08
2.114269999999999925e+02 2.101559999999999927e-08
2.743050000000000068e+02 1.133200000000000016e-08
3.558809999999999718e+02 5.957229999999999704e-09
4.617180000000000177e+02 3.027319999999999840e-09
5.990299999999999727e+02 1.586670000000000064e-09
7.771789999999999736e+02 8.177599999999999761e-10
1.008309999999999945e+03 4.310339999999999924e-10
1.308170000000000073e+03 2.522960000000000147e-10
1.697210000000000036e+03 1.380909999999999939e-10
2.201960000000000036e+03 7.234929999999999748e-11
2.856809999999999945e+03 4.059820000000000204e-11
3.706400000000000091e+03 2.541050000000000042e-11
4.808670000000000073e+03 1.504150000000000048e-11
6.238739999999999782e+03 8.850680000000000411e-12
8.094100000000000364e+03 5.545610000000000237e-12
1.050120000000000073e+04 2.891389999999999860e-12
1.362420000000000073e+04 1.682229999999999992e-12
1.767600000000000000e+04 9.984350000000000769e-13
2.293279999999999927e+04 5.136239999999999731e-13
2.975279999999999927e+04 2.845109999999999880e-13
3.860119999999999709e+04 1.555289999999999980e-13
5.008090000000000146e+04 7.544140000000000507e-14
6.497469999999999709e+04 3.565310000000000183e-14
8.429780000000000291e+04 1.783100000000000122e-14
1.093670000000000000e+05 8.257750000000000520e-15
1.418930000000000000e+05 3.583009999999999820e-15
1.840910000000000000e+05 1.965320000000000152e-15
2.720450000000000000e+05 6.336039999999999513e-16
4.579140000000000000e+05 2.110079999999999915e-16
7.707760000000000000e+05 7.522960000000000220e-17
