3.417099999999999937e+01 1.089300000000000057e-05
4.433319999999999794e+01 4.789789999999999587e-06
5.751769999999999783e+01 2.142390000000000167e-06
7.462309999999999377e+01 8.455080000000000031e-07
9.681550000000000011e+01 2.910850000000000155e-07
1.256080000000000041e+02 1.393349999999999966e-07
1.629629999999999939e+02 8.295700000000000625e-08
2.114269999999999925e+02 4.248360000000000330e-08
2.743050000000000068e+02 2.095280000000000151e-08
3.558809999999999718e+02 1.089340000000000045e-08
4.617180000000000177e+02 5.838959999999999863e-09
5.990299999999999727e+02 3.193670000000000202e-09
7.771789999999999736e+02 1.797059999999999996e-09
1.008309999999999945e+03 9.495169999999999172e-10
1.308170000000000073e+03 4.710919999999999899e-10
1.697210000000000036e+03 2.402310000000000155e-10
2.201960000000000036e+03 1.344560000000000111e-10
2.856809999999999945e+03 7.531969999999999944e-11
3.706400000000000091e+03 4.389620000000000192e-11
4.808670000000000073e+03 2.666259999999999991e-11
6.238739999999999782e+03 1.608869999999999868e-11
8.094100000000000364e+03 1.017710000000000033e-11
1.050120000000000073e+04 5.633710000000000235e-12
1.362420000000000073e+04 3.250399999999999963e-12
1.767600000000000000e+04 1.877640000000000065e-12
2.293279999999999927e+04 9.815429999999999910e-13
2.975279999999999927e+04 5.894660000000000249e-13
3.860119999999999709e+04 3.914750000000000056e-13
5.008090000000000146e+04 2.437539999999999830e-13
6.497469999999999709e+04 1.424840000000000015e-13
8.429780000000000291e+04 9.087139999999999587e-14
1.093670000000000000e+05 6.686960000000000569e-14
1.418930000000000000e+05 4.777179999999999896e-14
1.840910000000000000e+05 2.987429999999999873e-14
2.388380000000000000e+05 1.994989999999999863e-14
3.098680000000000000e+05 1.062419999999999936e-14
4.020200000000000000e+05 4.487169999999999903e-15
5.215790000000000000e+05 2.140609999999999890e-15
6.766940000000000000e+05 1.070669999999999903e-15
8.779380000000000000e+05 5.306229999999999845e-16
