3.368030000000000257e+01 8.329449999999999719e-07 4.622849999999999603e-09
4.245060000000000144e+01 4.741560000000000009e-07 1.570230000000000067e-09
5.350469999999999970e+01 2.662289999999999946e-07 1.139600000000000077e-09
6.743739999999999668e+01 1.638740000000000022e-07 6.573850000000000000e-10
8.499809999999999377e+01 1.065200000000000036e-07 4.883259999999999741e-10
1.071320000000000050e+02 7.093270000000000094e-08 2.364549999999999863e-10
1.350289999999999964e+02 4.826780000000000159e-08 1.993649999999999883e-10
1.701899999999999977e+02 2.890140000000000031e-08 9.228309999999999641e-11
2.145080000000000098e+02 1.757589999999999925e-08 7.962869999999999976e-11
2.703650000000000091e+02 1.083380000000000037e-08 3.390949999999999804e-11
3.407690000000000055e+02 6.672179999999999597e-09 2.456169999999999944e-11
4.295049999999999955e+02 4.192290000000000213e-09 1.383029999999999934e-11
5.413479999999999563e+02 2.550070000000000067e-09 9.989759999999999632e-12
6.823150000000000546e+02 1.423259999999999901e-09 6.300449999999999876e-12
8.599900000000000091e+02 8.239299999999999662e-10 4.065849999999999684e-12
1.083930000000000064e+03 4.950149999999999703e-10 2.945070000000000092e-12
1.366190000000000055e+03 2.786150000000000248e-10 1.689090000000000025e-12
1.721940000000000055e+03 1.481630000000000083e-10 1.222729999999999981e-12
2.170340000000000146e+03 8.810919999999999700e-11 6.653660000000000347e-13
2.735489999999999782e+03 5.452480000000000128e-11 5.795759999999999530e-13
3.447809999999999945e+03 3.194770000000000048e-11 2.883100000000000105e-13
4.345619999999999891e+03 1.865370000000000159e-11 2.592030000000000114e-13
5.477229999999999563e+03 1.122369999999999952e-11 1.293889999999999952e-13
6.903500000000000000e+03 6.715149999999999715e-12 1.192690000000000091e-13
8.701170000000000073e+03 4.066630000000000010e-12 6.243089999999999452e-14
1.096700000000000000e+04 2.449610000000000101e-12 5.296530000000000101e-14
1.382270000000000073e+04 1.409230000000000045e-12 2.686370000000000144e-14
1.742220000000000073e+04 8.216190000000000153e-13 2.355079999999999922e-14
2.195890000000000146e+04 4.635649999999999538e-13 1.148839999999999948e-14
2.767700000000000000e+04 2.629600000000000225e-13 9.234240000000000735e-15
3.488409999999999854e+04 1.479980000000000071e-13 5.591920000000000351e-15
4.396800000000000000e+04 8.229990000000000558e-14 3.405400000000000076e-15
5.541719999999999709e+04 4.680199999999999965e-14 2.939509999999999915e-15
6.984789999999999418e+04 2.319380000000000072e-14 1.420259999999999929e-15
8.803630000000000291e+04 1.197190000000000034e-14 1.194850000000000079e-15
1.109610000000000000e+05 5.567719999999999682e-15 6.151670000000000424e-16
1.398550000000000000e+05 2.497410000000000087e-15 4.213069999999999847e-16
1.762730000000000000e+05 1.189350000000000088e-15 3.057460000000000185e-16
2.221750000000000000e+05 3.816269999999999986e-16 1.552210000000000032e-16
2.800290000000000000e+05 1.105400000000000050e-16 9.086300000000000100e-17
3.529490000000000000e+05 3.278440000000000252e-17 4.208789999999999928e-17
4.448570000000000000e+05 9.669969999999999399e-18 1.697810000000000059e-17
5.606980000000000000e+05 2.855889999999999831e-18 6.372810000000000220e-18
7.067040000000000000e+05 8.431930000000000168e-19 2.284160000000000024e-18
8.907290000000000000e+05 2.489670000000000134e-19 7.935549999999999733e-19
1.000000000000000000e+06 1.352842211198988684e-19 0.000000000000000000e+00
2.000000000000000000e+06 3.503451698239746412e-21 0.000000000000000000e+00
3.000000000000000000e+06 4.133389145898697763e-22 0.000000000000000000e+00
