3.417099999999999937e+01 4.114569999999999977e-06
4.433319999999999794e+01 1.754400000000000093e-06
5.751769999999999783e+01 7.397269999999999905e-07
7.462309999999999377e+01 3.387530000000000159e-07
9.681550000000000011e+01 1.673820000000000095e-07
1.256080000000000041e+02 9.426759999999999902e-08
1.629629999999999939e+02 5.749320000000000160e-08
2.114269999999999925e+02 3.117729999999999821e-08
2.743050000000000068e+02 1.650679999999999929e-08
3.558809999999999718e+02 8.512999999999999864e-09
4.617180000000000177e+02 4.192480000000000395e-09
5.990299999999999727e+02 2.170760000000000060e-09
7.771789999999999736e+02 1.151050000000000073e-09
1.008309999999999945e+03 6.276109999999999744e-10
1.308170000000000073e+03 3.559460000000000135e-10
1.697210000000000036e+03 1.884549999999999970e-10
2.201960000000000036e+03 1.009559999999999976e-10
2.856809999999999945e+03 5.824079999999999393e-11
3.706400000000000091e+03 3.715359999999999953e-11
4.808670000000000073e+03 2.357069999999999932e-11
6.238739999999999782e+03 1.436280000000000015e-11
8.094100000000000364e+03 9.217119999999999807e-12
1.050120000000000073e+04 5.187880000000000307e-12
1.362420000000000073e+04 2.959090000000000067e-12
1.767600000000000000e+04 1.653870000000000101e-12
2.293279999999999927e+04 8.120769999999999939e-13
2.975279999999999927e+04 4.458859999999999945e-13
3.860119999999999709e+04 2.631740000000000154e-13
5.008090000000000146e+04 1.411420000000000109e-13
6.497469999999999709e+04 7.012729999999999392e-14
8.429780000000000291e+04 3.769729999999999983e-14
1.093670000000000000e+05 2.210109999999999935e-14
1.418930000000000000e+05 1.161009999999999986e-14
1.840910000000000000e+05 6.031159999999999971e-15
2.388380000000000000e+05 3.531519999999999845e-15
3.098680000000000000e+05 2.111139999999999827e-15
4.020200000000000000e+05 1.304420000000000003e-15
5.215790000000000000e+05 8.197470000000000062e-16
6.766940000000000000e+05 5.193900000000000443e-16
8.779380000000000000e+05 3.286060000000000093e-16
