3.417099999999999937e+01 1.465589999999999930e-06
4.433319999999999794e+01 8.399879999999999907e-07
5.751769999999999783e+01 4.821120000000000226e-07
7.462309999999999377e+01 2.620760000000000235e-07
9.681550000000000011e+01 1.387269999999999954e-07
1.256080000000000041e+02 7.596810000000000115e-08
1.629629999999999939e+02 4.113260000000000001e-08
2.114269999999999925e+02 2.122380000000000109e-08
2.743050000000000068e+02 1.089959999999999987e-08
3.558809999999999718e+02 5.640729999999999814e-09
4.617180000000000177e+02 2.841629999999999833e-09
5.990299999999999727e+02 1.442599999999999961e-09
7.771789999999999736e+02 7.626999999999999615e-10
1.008309999999999945e+03 4.289789999999999928e-10
1.308170000000000073e+03 2.324920000000000074e-10
1.697210000000000036e+03 1.107290000000000061e-10
2.201960000000000036e+03 5.852480000000000039e-11
2.856809999999999945e+03 3.582980000000000148e-11
3.706400000000000091e+03 2.212179999999999890e-11
4.808670000000000073e+03 1.324329999999999952e-11
6.238739999999999782e+03 7.775919999999999849e-12
8.094100000000000364e+03 4.733430000000000360e-12
1.050120000000000073e+04 2.722469999999999809e-12
1.362420000000000073e+04 1.563189999999999926e-12
1.767600000000000000e+04 9.033849999999999922e-13
2.293279999999999927e+04 5.010669999999999893e-13
2.975279999999999927e+04 2.853999999999999754e-13
3.860119999999999709e+04 1.549989999999999992e-13
5.008090000000000146e+04 7.107139999999999441e-14
6.497469999999999709e+04 3.464889999999999865e-14
8.429780000000000291e+04 2.022619999999999880e-14
1.093670000000000000e+05 9.903509999999999874e-15
1.418930000000000000e+05 3.898450000000000071e-15
1.840910000000000000e+05 1.763090000000000019e-15
2.720450000000000000e+05 4.728449999999999950e-16
4.579140000000000000e+05 1.911140000000000078e-16
7.707760000000000000e+05 6.590790000000000349e-17
