3.417099999999999937e+01 7.759849999999999913e-06
4.433319999999999794e+01 3.861069999999999779e-06
5.751769999999999783e+01 1.956880000000000143e-06
7.462309999999999377e+01 8.740350000000000308e-07
9.681550000000000011e+01 3.379869999999999943e-07
1.256080000000000041e+02 1.705980000000000034e-07
1.629629999999999939e+02 1.022079999999999978e-07
2.114269999999999925e+02 5.252230000000000173e-08
2.743050000000000068e+02 2.544090000000000052e-08
3.558809999999999718e+02 1.294330000000000017e-08
4.617180000000000177e+02 6.665949999999999713e-09
5.990299999999999727e+02 3.528919999999999845e-09
7.771789999999999736e+02 1.945399999999999920e-09
1.008309999999999945e+03 9.539129999999999918e-10
1.308170000000000073e+03 4.405050000000000210e-10
1.697210000000000036e+03 2.239179999999999964e-10
2.201960000000000036e+03 1.151679999999999972e-10
2.856809999999999945e+03 6.179769999999999950e-11
3.706400000000000091e+03 3.415100000000000180e-11
4.808670000000000073e+03 1.859399999999999933e-11
6.238739999999999782e+03 1.107049999999999973e-11
8.094100000000000364e+03 7.237129999999999880e-12
1.050120000000000073e+04 4.007849999999999730e-12
1.362420000000000073e+04 2.333109999999999941e-12
1.767600000000000000e+04 1.383970000000000009e-12
2.293279999999999927e+04 7.961710000000000009e-13
2.975279999999999927e+04 5.217359999999999692e-13
3.860119999999999709e+04 3.559419999999999892e-13
5.008090000000000146e+04 2.156540000000000068e-13
6.497469999999999709e+04 1.335419999999999978e-13
8.429780000000000291e+04 9.581510000000000085e-14
1.093670000000000000e+05 8.057020000000000590e-14
1.418930000000000000e+05 7.460369999999999542e-14
1.840910000000000000e+05 5.408789999999999918e-14
2.388380000000000000e+05 3.668900000000000275e-14
3.098680000000000000e+05 2.126150000000000046e-14
4.020200000000000000e+05 1.001500000000000043e-14
5.215790000000000000e+05 4.901889999999999668e-15
6.766940000000000000e+05 2.366529999999999822e-15
8.779380000000000000e+05 1.145490000000000002e-15
