3.417099999999999937e+01 2.613649999999999955e-06
4.433319999999999794e+01 1.234250000000000084e-06
5.751769999999999783e+01 5.788649999999999626e-07
7.462309999999999377e+01 2.850590000000000117e-07
9.681550000000000011e+01 1.450039999999999927e-07
1.256080000000000041e+02 7.914070000000000403e-08
1.629629999999999939e+02 4.734100000000000020e-08
2.114269999999999925e+02 2.569490000000000068e-08
2.743050000000000068e+02 1.292850000000000059e-08
3.558809999999999718e+02 6.606360000000000335e-09
4.617180000000000177e+02 3.381269999999999843e-09
5.990299999999999727e+02 1.692699999999999955e-09
7.771789999999999736e+02 8.253659999999999806e-10
1.008309999999999945e+03 4.166750000000000113e-10
1.308170000000000073e+03 2.145030000000000088e-10
1.697210000000000036e+03 1.152809999999999972e-10
2.201960000000000036e+03 6.381529999999999365e-11
2.856809999999999945e+03 3.864059999999999915e-11
3.706400000000000091e+03 2.600440000000000095e-11
4.808670000000000073e+03 1.637950000000000144e-11
6.238739999999999782e+03 9.921729999999999972e-12
8.094100000000000364e+03 5.899119999999999606e-12
1.050120000000000073e+04 3.421310000000000090e-12
1.362420000000000073e+04 1.968310000000000122e-12
1.767600000000000000e+04 1.121119999999999973e-12
2.293279999999999927e+04 6.274269999999999679e-13
2.975279999999999927e+04 3.464979999999999944e-13
3.860119999999999709e+04 1.851359999999999949e-13
5.008090000000000146e+04 9.642690000000000183e-14
6.497469999999999709e+04 4.766320000000000031e-14
8.429780000000000291e+04 2.248919999999999948e-14
1.093670000000000000e+05 1.007330000000000061e-14
1.418930000000000000e+05 4.306680000000000001e-15
1.840910000000000000e+05 1.703129999999999929e-15
2.720450000000000000e+05 4.151319999999999878e-16
4.579140000000000000e+05 1.042520000000000027e-16
7.707760000000000000e+05 3.679600000000000050e-17
