3.417099999999999937e+01 1.446489999999999978e-06
4.433319999999999794e+01 7.857049999999999804e-07
5.751769999999999783e+01 4.260320000000000128e-07
7.462309999999999377e+01 2.284670000000000036e-07
9.681550000000000011e+01 1.234099999999999914e-07
1.256080000000000041e+02 7.024389999999999811e-08
1.629629999999999939e+02 3.976179999999999808e-08
2.114269999999999925e+02 2.057999999999999966e-08
2.743050000000000068e+02 1.051439999999999918e-08
3.558809999999999718e+02 5.563909999999999660e-09
4.617180000000000177e+02 2.873859999999999835e-09
5.990299999999999727e+02 1.397200000000000097e-09
7.771789999999999736e+02 6.670780000000000202e-10
1.008309999999999945e+03 3.212289999999999771e-10
1.308170000000000073e+03 1.563130000000000009e-10
1.697210000000000036e+03 7.370659999999999857e-11
2.201960000000000036e+03 3.594740000000000089e-11
2.856809999999999945e+03 2.134450000000000058e-11
3.706400000000000091e+03 1.591940000000000101e-11
4.808670000000000073e+03 1.006209999999999930e-11
6.238739999999999782e+03 5.988170000000000323e-12
8.094100000000000364e+03 4.231199999999999985e-12
1.050120000000000073e+04 2.426549999999999995e-12
1.362420000000000073e+04 1.456680000000000009e-12
1.767600000000000000e+04 8.640239999999999744e-13
2.293279999999999927e+04 4.755949999999999541e-13
2.975279999999999927e+04 3.023599999999999859e-13
3.860119999999999709e+04 1.808689999999999940e-13
5.008090000000000146e+04 9.448529999999999726e-14
6.497469999999999709e+04 4.543060000000000107e-14
8.429780000000000291e+04 2.198729999999999975e-14
1.093670000000000000e+05 1.220049999999999936e-14
1.418930000000000000e+05 7.213969999999999956e-15
1.840910000000000000e+05 3.787379999999999629e-15
2.388380000000000000e+05 1.914470000000000124e-15
3.098680000000000000e+05 1.234250000000000088e-15
4.020200000000000000e+05 1.032670000000000074e-15
5.215790000000000000e+05 6.452199999999999610e-16
6.766940000000000000e+05 3.134689999999999765e-16
8.779380000000000000e+05 1.596840000000000079e-16
