3.417099999999999937e+01 8.661759999999999550e-06
4.433319999999999794e+01 3.952729999999999846e-06
5.751769999999999783e+01 1.825139999999999944e-06
7.462309999999999377e+01 7.742279999999999630e-07
9.681550000000000011e+01 3.004389999999999813e-07
1.256080000000000041e+02 1.479110000000000067e-07
1.629629999999999939e+02 8.339399999999999885e-08
2.114269999999999925e+02 4.278849999999999963e-08
2.743050000000000068e+02 2.203400000000000063e-08
3.558809999999999718e+02 1.157220000000000022e-08
4.617180000000000177e+02 6.121909999999999594e-09
5.990299999999999727e+02 3.328349999999999989e-09
7.771789999999999736e+02 1.865230000000000186e-09
1.008309999999999945e+03 9.796890000000000484e-10
1.308170000000000073e+03 4.821769999999999573e-10
1.697210000000000036e+03 2.450619999999999960e-10
2.201960000000000036e+03 1.373409999999999965e-10
2.856809999999999945e+03 7.670840000000000624e-11
3.706400000000000091e+03 4.441449999999999821e-11
4.808670000000000073e+03 2.687749999999999973e-11
6.238739999999999782e+03 1.618620000000000145e-11
8.094100000000000364e+03 1.023180000000000008e-11
1.050120000000000073e+04 5.670030000000000226e-12
1.362420000000000073e+04 3.272869999999999967e-12
1.767600000000000000e+04 1.891709999999999822e-12
2.293279999999999927e+04 9.877650000000000830e-13
2.975279999999999927e+04 5.912899999999999978e-13
3.860119999999999709e+04 3.925220000000000212e-13
5.008090000000000146e+04 2.448949999999999879e-13
6.497469999999999709e+04 1.433729999999999890e-13
8.429780000000000291e+04 9.164280000000000205e-14
1.093670000000000000e+05 6.735900000000000611e-14
1.418930000000000000e+05 4.788230000000000263e-14
1.840910000000000000e+05 2.987959999999999746e-14
2.388380000000000000e+05 1.994619999999999898e-14
3.098680000000000000e+05 1.063180000000000051e-14
4.020200000000000000e+05 4.502329999999999936e-15
5.215790000000000000e+05 2.151000000000000045e-15
6.766940000000000000e+05 1.076710000000000096e-15
8.779380000000000000e+05 5.341069999999999638e-16
