3.417099999999999937e+01 1.710780000000000077e-06
4.433319999999999794e+01 9.289150000000000035e-07
5.751769999999999783e+01 5.046299999999999864e-07
7.462309999999999377e+01 2.669810000000000003e-07
9.681550000000000011e+01 1.401009999999999917e-07
1.256080000000000041e+02 7.567719999999999423e-08
1.629629999999999939e+02 3.924680000000000307e-08
2.114269999999999925e+02 2.006470000000000165e-08
2.743050000000000068e+02 1.061560000000000044e-08
3.558809999999999718e+02 5.428479999999999849e-09
4.617180000000000177e+02 2.678389999999999888e-09
5.990299999999999727e+02 1.382220000000000010e-09
7.771789999999999736e+02 7.091210000000000372e-10
1.008309999999999945e+03 3.712840000000000178e-10
1.308170000000000073e+03 2.135950000000000001e-10
1.697210000000000036e+03 1.162449999999999951e-10
2.201960000000000036e+03 5.785329999999999785e-11
2.856809999999999945e+03 3.493679999999999872e-11
3.706400000000000091e+03 2.302139999999999882e-11
4.808670000000000073e+03 1.360410000000000016e-11
6.238739999999999782e+03 8.158910000000000017e-12
8.094100000000000364e+03 5.163450000000000177e-12
1.050120000000000073e+04 2.878599999999999871e-12
1.362420000000000073e+04 1.638089999999999940e-12
1.767600000000000000e+04 9.317600000000000606e-13
2.293279999999999927e+04 4.901889999999999826e-13
2.975279999999999927e+04 2.723230000000000100e-13
3.860119999999999709e+04 1.540450000000000015e-13
5.008090000000000146e+04 7.582110000000000294e-14
6.497469999999999709e+04 3.377050000000000236e-14
8.429780000000000291e+04 1.616580000000000090e-14
1.093670000000000000e+05 7.375719999999999873e-15
1.418930000000000000e+05 2.631810000000000062e-15
1.840910000000000000e+05 1.112190000000000033e-15
2.720450000000000000e+05 4.668369999999999573e-16
4.579140000000000000e+05 1.551799999999999893e-16
7.707760000000000000e+05 5.534330000000000041e-17
