3.417099999999999937e+01 5.338789999999999752e-06
4.433319999999999794e+01 2.635490000000000156e-06
5.751769999999999783e+01 1.322560000000000006e-06
7.462309999999999377e+01 5.816400000000000123e-07
9.681550000000000011e+01 2.260949999999999874e-07
1.256080000000000041e+02 1.123369999999999954e-07
1.629629999999999939e+02 6.311869999999999463e-08
2.114269999999999925e+02 3.189629999999999955e-08
2.743050000000000068e+02 1.622469999999999837e-08
3.558809999999999718e+02 8.477160000000000120e-09
4.617180000000000177e+02 4.382580000000000390e-09
5.990299999999999727e+02 2.317820000000000171e-09
7.771789999999999736e+02 1.218780000000000004e-09
1.008309999999999945e+03 5.772519999999999625e-10
1.308170000000000073e+03 2.827699999999999965e-10
1.697210000000000036e+03 1.494269999999999949e-10
2.201960000000000036e+03 8.100869999999999913e-11
2.856809999999999945e+03 4.671250000000000154e-11
3.706400000000000091e+03 2.982230000000000309e-11
4.808670000000000073e+03 1.811400000000000137e-11
6.238739999999999782e+03 1.072870000000000052e-11
8.094100000000000364e+03 7.017100000000000059e-12
1.050120000000000073e+04 3.914720000000000105e-12
1.362420000000000073e+04 2.263190000000000174e-12
1.767600000000000000e+04 1.369150000000000078e-12
2.293279999999999927e+04 7.894349999999999577e-13
2.975279999999999927e+04 5.005280000000000459e-13
3.860119999999999709e+04 3.345459999999999863e-13
5.008090000000000146e+04 2.103449999999999988e-13
6.497469999999999709e+04 1.241350000000000057e-13
8.429780000000000291e+04 7.561439999999999585e-14
1.093670000000000000e+05 4.965400000000000102e-14
1.418930000000000000e+05 3.597209999999999775e-14
1.840910000000000000e+05 2.367219999999999997e-14
2.388380000000000000e+05 1.505089999999999850e-14
3.098680000000000000e+05 7.625710000000000608e-15
4.020200000000000000e+05 2.904770000000000064e-15
5.215790000000000000e+05 1.422429999999999923e-15
6.766940000000000000e+05 8.373879999999999510e-16
8.779380000000000000e+05 4.763880000000000015e-16
