3.417099999999999937e+01 1.170409999999999904e-06
4.433319999999999794e+01 7.104519999999999616e-07
5.751769999999999783e+01 4.332350000000000012e-07
7.462309999999999377e+01 2.497239999999999934e-07
9.681550000000000011e+01 1.370239999999999967e-07
1.256080000000000041e+02 7.622050000000000413e-08
1.629629999999999939e+02 4.167459999999999917e-08
2.114269999999999925e+02 2.133510000000000091e-08
2.743050000000000068e+02 1.076129999999999922e-08
3.558809999999999718e+02 5.614489999999999706e-09
4.617180000000000177e+02 2.864459999999999846e-09
5.990299999999999727e+02 1.416650000000000066e-09
7.771789999999999736e+02 7.118479999999999597e-10
1.008309999999999945e+03 3.795969999999999869e-10
1.308170000000000073e+03 2.051899999999999914e-10
1.697210000000000036e+03 1.059810000000000009e-10
2.201960000000000036e+03 5.231950000000000219e-11
2.856809999999999945e+03 3.151310000000000231e-11
3.706400000000000091e+03 2.159940000000000104e-11
4.808670000000000073e+03 1.343029999999999943e-11
6.238739999999999782e+03 8.070039999999999811e-12
8.094100000000000364e+03 5.006730000000000013e-12
1.050120000000000073e+04 2.824599999999999899e-12
1.362420000000000073e+04 1.611619999999999953e-12
1.767600000000000000e+04 9.272720000000000903e-13
2.293279999999999927e+04 4.974319999999999750e-13
2.975279999999999927e+04 2.778730000000000217e-13
3.860119999999999709e+04 1.592539999999999897e-13
5.008090000000000146e+04 7.745460000000000552e-14
6.497469999999999709e+04 3.663549999999999823e-14
8.429780000000000291e+04 1.906839999999999880e-14
1.093670000000000000e+05 9.206099999999999453e-15
1.418930000000000000e+05 3.839810000000000364e-15
1.840910000000000000e+05 1.679070000000000086e-15
2.720450000000000000e+05 5.442529999999999712e-16
4.579140000000000000e+05 7.185880000000000470e-17
7.707760000000000000e+05 7.903259999999999961e-17
