3.417099999999999937e+01 7.172160000000000293e-06
4.433319999999999794e+01 3.592529999999999890e-06
5.751769999999999783e+01 1.832210000000000073e-06
7.462309999999999377e+01 8.103240000000000237e-07
9.681550000000000011e+01 3.096309999999999752e-07
1.256080000000000041e+02 1.644090000000000000e-07
1.629629999999999939e+02 1.084450000000000026e-07
2.114269999999999925e+02 5.835099999999999754e-08
2.743050000000000068e+02 2.912660000000000156e-08
3.558809999999999718e+02 1.554310000000000105e-08
4.617180000000000177e+02 8.203079999999999760e-09
5.990299999999999727e+02 4.977939999999999873e-09
7.771789999999999736e+02 3.489889999999999826e-09
1.008309999999999945e+03 1.818950000000000010e-09
1.308170000000000073e+03 8.450790000000000345e-10
1.697210000000000036e+03 4.154280000000000155e-10
2.201960000000000036e+03 1.972499999999999909e-10
2.856809999999999945e+03 1.048120000000000021e-10
3.706400000000000091e+03 6.232090000000000034e-11
4.808670000000000073e+03 4.011849999999999955e-11
6.238739999999999782e+03 2.904389999999999987e-11
8.094100000000000364e+03 2.147890000000000130e-11
1.050120000000000073e+04 1.303610000000000016e-11
1.362420000000000073e+04 7.769350000000000615e-12
1.767600000000000000e+04 4.493569999999999805e-12
2.293279999999999927e+04 2.715520000000000126e-12
2.975279999999999927e+04 1.998160000000000040e-12
3.860119999999999709e+04 1.328470000000000094e-12
5.008090000000000146e+04 7.329839999999999593e-13
6.497469999999999709e+04 3.657680000000000223e-13
8.429780000000000291e+04 1.771089999999999928e-13
1.093670000000000000e+05 9.314439999999999790e-14
1.418930000000000000e+05 5.220239999999999802e-14
1.840910000000000000e+05 3.058020000000000257e-14
2.388380000000000000e+05 1.892949999999999964e-14
3.098680000000000000e+05 1.172470000000000058e-14
4.020200000000000000e+05 7.198199999999999307e-15
5.215790000000000000e+05 4.357320000000000366e-15
6.766940000000000000e+05 2.620589999999999852e-15
8.779380000000000000e+05 1.577920000000000010e-15
