3.417099999999999937e+01 8.181380000000000432e-07
4.433319999999999794e+01 5.422469999999999983e-07
5.751769999999999783e+01 3.643120000000000133e-07
7.462309999999999377e+01 2.197100000000000000e-07
9.681550000000000011e+01 1.226839999999999887e-07
1.256080000000000041e+02 6.955300000000000084e-08
1.629629999999999939e+02 3.691769999999999712e-08
2.114269999999999925e+02 1.856429999999999968e-08
2.743050000000000068e+02 9.387699999999999749e-09
3.558809999999999718e+02 4.975339999999999902e-09
4.617180000000000177e+02 2.621179999999999834e-09
5.990299999999999727e+02 1.278989999999999944e-09
7.771789999999999736e+02 6.015470000000000321e-10
1.008309999999999945e+03 2.985480000000000014e-10
1.308170000000000073e+03 1.575010000000000075e-10
1.697210000000000036e+03 7.492059999999999562e-11
2.201960000000000036e+03 3.457859999999999808e-11
2.856809999999999945e+03 2.038429999999999908e-11
3.706400000000000091e+03 1.569870000000000055e-11
4.808670000000000073e+03 9.840359999999999481e-12
6.238739999999999782e+03 5.610069999999999742e-12
8.094100000000000364e+03 3.871249999999999686e-12
1.050120000000000073e+04 2.192409999999999945e-12
1.362420000000000073e+04 1.301699999999999997e-12
1.767600000000000000e+04 7.698689999999999581e-13
2.293279999999999927e+04 4.116930000000000008e-13
2.975279999999999927e+04 2.487200000000000247e-13
3.860119999999999709e+04 1.404199999999999964e-13
5.008090000000000146e+04 6.861909999999999990e-14
6.497469999999999709e+04 3.054979999999999797e-14
8.429780000000000291e+04 1.362570000000000051e-14
1.093670000000000000e+05 6.707979999999999794e-15
1.418930000000000000e+05 3.452539999999999891e-15
1.840910000000000000e+05 1.391609999999999947e-15
2.720450000000000000e+05 3.567600000000000029e-16
4.579140000000000000e+05 6.431469999999999567e-17
7.707760000000000000e+05 2.269969999999999948e-17
