3.417099999999999937e+01 4.695579999999999858e-06
4.433319999999999794e+01 2.389820000000000101e-06
5.751769999999999783e+01 1.226719999999999963e-06
7.462309999999999377e+01 5.663320000000000184e-07
9.681550000000000011e+01 2.389940000000000025e-07
1.256080000000000041e+02 1.286399999999999925e-07
1.629629999999999939e+02 8.022069999999999782e-08
2.114269999999999925e+02 4.425209999999999694e-08
2.743050000000000068e+02 2.291149999999999972e-08
3.558809999999999718e+02 1.330029999999999966e-08
4.617180000000000177e+02 8.480609999999999731e-09
5.990299999999999727e+02 5.163970000000000315e-09
7.771789999999999736e+02 3.338239999999999838e-09
1.008309999999999945e+03 2.043019999999999837e-09
1.308170000000000073e+03 1.012829999999999903e-09
1.697210000000000036e+03 4.208189999999999920e-10
2.201960000000000036e+03 1.749150000000000107e-10
2.856809999999999945e+03 8.281420000000000391e-11
3.706400000000000091e+03 4.306070000000000129e-11
4.808670000000000073e+03 2.501219999999999959e-11
6.238739999999999782e+03 1.843390000000000044e-11
8.094100000000000364e+03 1.535019999999999976e-11
1.050120000000000073e+04 1.014550000000000034e-11
1.362420000000000073e+04 6.763089999999999610e-12
1.767600000000000000e+04 4.392129999999999784e-12
2.293279999999999927e+04 2.865269999999999967e-12
2.975279999999999927e+04 2.465149999999999851e-12
3.860119999999999709e+04 1.552890000000000061e-12
5.008090000000000146e+04 6.226119999999999526e-13
6.497469999999999709e+04 3.008980000000000170e-13
8.429780000000000291e+04 1.786570000000000030e-13
1.093670000000000000e+05 9.750239999999999811e-14
1.418930000000000000e+05 4.808439999999999855e-14
1.840910000000000000e+05 2.769369999999999955e-14
2.388380000000000000e+05 2.092890000000000132e-14
3.098680000000000000e+05 1.530390000000000005e-14
4.020200000000000000e+05 1.042099999999999953e-14
5.215790000000000000e+05 7.363249999999999889e-15
6.766940000000000000e+05 5.376959999999999714e-15
8.779380000000000000e+05 3.904500000000000238e-15
