3.417099999999999937e+01 5.632200000000000048e-06
4.433319999999999794e+01 2.949149999999999961e-06
5.751769999999999783e+01 1.573010000000000081e-06
7.462309999999999377e+01 7.116550000000000287e-07
9.681550000000000011e+01 2.751409999999999886e-07
1.256080000000000041e+02 1.453250000000000126e-07
1.629629999999999939e+02 9.431629999999999865e-08
2.114269999999999925e+02 5.190309999999999709e-08
2.743050000000000068e+02 2.646229999999999867e-08
3.558809999999999718e+02 1.454819999999999987e-08
4.617180000000000177e+02 8.230110000000000234e-09
5.990299999999999727e+02 5.121730000000000262e-09
7.771789999999999736e+02 3.556860000000000061e-09
1.008309999999999945e+03 1.926660000000000045e-09
1.308170000000000073e+03 9.094080000000000509e-10
1.697210000000000036e+03 4.248789999999999759e-10
2.201960000000000036e+03 1.891550000000000049e-10
2.856809999999999945e+03 9.374980000000000025e-11
3.706400000000000091e+03 5.188080000000000245e-11
4.808670000000000073e+03 3.263430000000000202e-11
6.238739999999999782e+03 2.462579999999999873e-11
8.094100000000000364e+03 1.888559999999999861e-11
1.050120000000000073e+04 1.222589999999999943e-11
1.362420000000000073e+04 7.739639999999999523e-12
1.767600000000000000e+04 4.207900000000000276e-12
2.293279999999999927e+04 2.624429999999999956e-12
2.975279999999999927e+04 2.373200000000000026e-12
3.860119999999999709e+04 1.540340000000000079e-12
5.008090000000000146e+04 6.733360000000000503e-13
6.497469999999999709e+04 3.207989999999999844e-13
8.429780000000000291e+04 1.663820000000000124e-13
1.093670000000000000e+05 8.741750000000000339e-14
1.418930000000000000e+05 4.785170000000000248e-14
1.840910000000000000e+05 2.740970000000000045e-14
2.388380000000000000e+05 1.639289999999999861e-14
3.098680000000000000e+05 1.040499999999999927e-14
4.020200000000000000e+05 6.891320000000000127e-15
5.215790000000000000e+05 4.755059999999999607e-15
6.766940000000000000e+05 3.455919999999999958e-15
8.779380000000000000e+05 2.489510000000000097e-15
