3.417099999999999937e+01 7.458250000000000124e-06
4.433319999999999794e+01 3.558770000000000149e-06
5.751769999999999783e+01 1.719970000000000068e-06
7.462309999999999377e+01 7.497329999999999545e-07
9.681550000000000011e+01 2.932810000000000174e-07
1.256080000000000041e+02 1.562270000000000132e-07
1.629629999999999939e+02 1.028190000000000024e-07
2.114269999999999925e+02 5.521110000000000262e-08
2.743050000000000068e+02 2.647710000000000155e-08
3.558809999999999718e+02 1.451930000000000052e-08
4.617180000000000177e+02 8.721119999999999348e-09
5.990299999999999727e+02 5.505459999999999722e-09
7.771789999999999736e+02 3.823450000000000068e-09
1.008309999999999945e+03 2.100520000000000104e-09
1.308170000000000073e+03 9.368409999999999498e-10
1.697210000000000036e+03 4.123890000000000015e-10
2.201960000000000036e+03 1.977700000000000057e-10
2.856809999999999945e+03 1.071479999999999954e-10
3.706400000000000091e+03 5.834300000000000212e-11
4.808670000000000073e+03 3.473980000000000188e-11
6.238739999999999782e+03 2.425609999999999961e-11
8.094100000000000364e+03 1.747749999999999858e-11
1.050120000000000073e+04 1.097639999999999996e-11
1.362420000000000073e+04 6.788749999999999724e-12
1.767600000000000000e+04 3.922439999999999996e-12
2.293279999999999927e+04 2.362300000000000143e-12
2.975279999999999927e+04 1.713519999999999953e-12
3.860119999999999709e+04 1.096300000000000085e-12
5.008090000000000146e+04 5.806930000000000380e-13
6.497469999999999709e+04 2.942840000000000211e-13
8.429780000000000291e+04 1.565289999999999937e-13
1.093670000000000000e+05 9.017990000000000583e-14
1.418930000000000000e+05 4.843379999999999906e-14
1.840910000000000000e+05 2.669109999999999860e-14
2.388380000000000000e+05 1.808850000000000037e-14
3.098680000000000000e+05 1.190850000000000014e-14
4.020200000000000000e+05 7.088539999999999809e-15
5.215790000000000000e+05 4.386970000000000365e-15
6.766940000000000000e+05 2.834360000000000168e-15
8.779380000000000000e+05 1.817300000000000165e-15
