3.417099999999999937e+01 3.563559999999999810e-06
4.433319999999999794e+01 1.984519999999999932e-06
5.751769999999999783e+01 1.125809999999999941e-06
7.462309999999999377e+01 5.384080000000000127e-07
9.681550000000000011e+01 2.222989999999999976e-07
1.256080000000000041e+02 1.158100000000000027e-07
1.629629999999999939e+02 6.757440000000000190e-08
2.114269999999999925e+02 3.670259999999999938e-08
2.743050000000000068e+02 1.999239999999999974e-08
3.558809999999999718e+02 1.061670000000000036e-08
4.617180000000000177e+02 5.454649999999999977e-09
5.990299999999999727e+02 2.784160000000000031e-09
7.771789999999999736e+02 1.483950000000000030e-09
1.008309999999999945e+03 8.724020000000000238e-10
1.308170000000000073e+03 4.799900000000000144e-10
1.697210000000000036e+03 2.242549999999999923e-10
2.201960000000000036e+03 1.111409999999999991e-10
2.856809999999999945e+03 5.659180000000000045e-11
3.706400000000000091e+03 2.963489999999999684e-11
4.808670000000000073e+03 1.565379999999999859e-11
6.238739999999999782e+03 9.322139999999999292e-12
8.094100000000000364e+03 6.487420000000000240e-12
1.050120000000000073e+04 3.591250000000000071e-12
1.362420000000000073e+04 2.112449999999999950e-12
1.767600000000000000e+04 1.283650000000000089e-12
2.293279999999999927e+04 7.397270000000000044e-13
2.975279999999999927e+04 5.103199999999999904e-13
3.860119999999999709e+04 3.346440000000000128e-13
5.008090000000000146e+04 1.747689999999999998e-13
6.497469999999999709e+04 1.165809999999999906e-13
8.429780000000000291e+04 1.051520000000000047e-13
1.093670000000000000e+05 9.910899999999999704e-14
1.418930000000000000e+05 1.063330000000000024e-13
1.840910000000000000e+05 8.465900000000000560e-14
2.388380000000000000e+05 6.064450000000000478e-14
3.098680000000000000e+05 3.753879999999999854e-14
4.020200000000000000e+05 1.808930000000000149e-14
5.215790000000000000e+05 8.739429999999999307e-15
6.766940000000000000e+05 4.039250000000000308e-15
8.779380000000000000e+05 1.883019999999999978e-15
