3.417099999999999937e+01 1.600880000000000078e-06
4.433319999999999794e+01 8.889539999999999807e-07
5.751769999999999783e+01 4.963650000000000113e-07
7.462309999999999377e+01 2.640079999999999908e-07
9.681550000000000011e+01 1.373870000000000112e-07
1.256080000000000041e+02 7.593510000000000344e-08
1.629629999999999939e+02 4.056310000000000275e-08
2.114269999999999925e+02 2.087980000000000145e-08
2.743050000000000068e+02 1.095729999999999979e-08
3.558809999999999718e+02 5.649609999999999891e-09
4.617180000000000177e+02 2.853570000000000104e-09
5.990299999999999727e+02 1.490510000000000057e-09
7.771789999999999736e+02 7.824380000000000230e-10
1.008309999999999945e+03 4.264299999999999946e-10
1.308170000000000073e+03 2.462289999999999776e-10
1.697210000000000036e+03 1.221329999999999959e-10
2.201960000000000036e+03 6.085470000000000080e-11
2.856809999999999945e+03 3.630339999999999816e-11
3.706400000000000091e+03 2.338890000000000104e-11
4.808670000000000073e+03 1.365420000000000053e-11
6.238739999999999782e+03 7.823479999999999295e-12
8.094100000000000364e+03 4.944790000000000380e-12
1.050120000000000073e+04 2.780919999999999827e-12
1.362420000000000073e+04 1.610070000000000025e-12
1.767600000000000000e+04 9.305689999999999701e-13
2.293279999999999927e+04 5.009359999999999973e-13
2.975279999999999927e+04 2.917109999999999977e-13
3.860119999999999709e+04 1.597369999999999938e-13
5.008090000000000146e+04 7.480679999999999433e-14
6.497469999999999709e+04 3.575249999999999710e-14
8.429780000000000291e+04 1.973749999999999857e-14
1.093670000000000000e+05 1.005270000000000023e-14
1.418930000000000000e+05 4.124779999999999944e-15
1.840910000000000000e+05 1.692240000000000061e-15
2.720450000000000000e+05 4.599259999999999915e-16
4.579140000000000000e+05 1.804240000000000008e-16
7.707760000000000000e+05 6.253740000000000128e-17
