3.417099999999999937e+01 8.168909999999999686e-06
4.433319999999999794e+01 3.702659999999999884e-06
5.751769999999999783e+01 1.698179999999999977e-06
7.462309999999999377e+01 7.339560000000000376e-07
9.681550000000000011e+01 2.957410000000000010e-07
1.256080000000000041e+02 1.457130000000000025e-07
1.629629999999999939e+02 7.877040000000000501e-08
2.114269999999999925e+02 3.639660000000000313e-08
2.743050000000000068e+02 1.647429999999999883e-08
3.558809999999999718e+02 8.184919999999999483e-09
4.617180000000000177e+02 4.143299999999999951e-09
5.990299999999999727e+02 2.250670000000000046e-09
7.771789999999999736e+02 1.203160000000000010e-09
1.008309999999999945e+03 4.679880000000000387e-10
1.308170000000000073e+03 1.835309999999999942e-10
1.697210000000000036e+03 8.226449999999999546e-11
2.201960000000000036e+03 4.626950000000000111e-11
2.856809999999999945e+03 3.460470000000000097e-11
3.706400000000000091e+03 2.440380000000000068e-11
4.808670000000000073e+03 1.577830000000000033e-11
6.238739999999999782e+03 9.720950000000000498e-12
8.094100000000000364e+03 6.332729999999999816e-12
1.050120000000000073e+04 3.759849999999999979e-12
1.362420000000000073e+04 2.217439999999999890e-12
1.767600000000000000e+04 1.272879999999999924e-12
2.293279999999999927e+04 6.930190000000000382e-13
2.975279999999999927e+04 4.127330000000000145e-13
3.860119999999999709e+04 2.656810000000000066e-13
5.008090000000000146e+04 1.823640000000000043e-13
6.497469999999999709e+04 1.143600000000000045e-13
8.429780000000000291e+04 7.418890000000000612e-14
1.093670000000000000e+05 5.847149999999999728e-14
1.418930000000000000e+05 4.226470000000000064e-14
1.840910000000000000e+05 2.460990000000000099e-14
2.388380000000000000e+05 1.526509999999999950e-14
3.098680000000000000e+05 7.746139999999999293e-15
4.020200000000000000e+05 3.259980000000000170e-15
5.215790000000000000e+05 1.548490000000000043e-15
6.766940000000000000e+05 7.663199999999999961e-16
8.779380000000000000e+05 3.762360000000000062e-16
