3.368030000000000257e+01 1.416950000000000045e-06 6.264850000000000343e-09
4.245060000000000144e+01 7.679010000000000150e-07 2.025679999999999978e-09
5.350469999999999970e+01 4.138000000000000128e-07 1.406199999999999962e-09
6.743739999999999668e+01 2.318030000000000012e-07 7.479349999999999613e-10
8.499809999999999377e+01 1.298789999999999946e-07 5.084980000000000363e-10
1.071320000000000050e+02 8.398120000000000029e-08 2.428760000000000100e-10
1.350289999999999964e+02 5.491380000000000035e-08 2.026469999999999931e-10
1.701899999999999977e+02 3.282649999999999950e-08 9.506230000000000218e-11
2.145080000000000098e+02 1.983659999999999910e-08 8.241719999999999742e-11
2.703650000000000091e+02 1.210470000000000019e-08 3.706380000000000207e-11
3.407690000000000055e+02 7.344980000000000004e-09 2.750439999999999900e-11
4.295049999999999955e+02 4.379879999999999975e-09 1.539329999999999985e-11
5.413479999999999563e+02 2.571609999999999974e-09 1.085070000000000020e-11
6.823150000000000546e+02 1.418740000000000004e-09 6.758710000000000390e-12
8.599900000000000091e+02 8.219639999999999545e-10 4.341599999999999999e-12
1.083930000000000064e+03 5.103119999999999848e-10 3.135409999999999865e-12
1.366190000000000055e+03 2.848270000000000133e-10 1.783210000000000032e-12
1.721940000000000055e+03 1.462290000000000127e-10 1.256209999999999955e-12
2.170340000000000146e+03 8.614540000000000167e-11 6.742210000000000005e-13
2.735489999999999782e+03 5.292810000000000022e-11 5.772660000000000365e-13
3.447809999999999945e+03 3.142329999999999839e-11 2.855080000000000190e-13
4.345619999999999891e+03 1.858980000000000143e-11 2.549370000000000072e-13
5.477229999999999563e+03 1.134660000000000014e-11 1.264140000000000003e-13
6.903500000000000000e+03 6.905039999999999828e-12 1.169599999999999883e-13
8.701170000000000073e+03 4.146929999999999981e-12 6.032269999999999549e-14
1.096700000000000000e+04 2.492209999999999939e-12 5.092310000000000265e-14
1.382270000000000073e+04 1.455559999999999909e-12 2.588819999999999969e-14
1.742220000000000073e+04 8.586179999999999872e-13 2.280910000000000060e-14
2.195890000000000146e+04 4.907999999999999888e-13 1.129439999999999988e-14
2.767700000000000000e+04 2.828460000000000148e-13 9.242859999999999680e-15
3.488409999999999854e+04 1.585360000000000123e-13 5.609619999999999830e-15
4.396800000000000000e+04 8.596039999999999791e-14 3.480020000000000093e-15
5.541719999999999709e+04 4.712090000000000094e-14 2.927499999999999943e-15
6.984789999999999418e+04 2.501339999999999897e-14 1.463420000000000023e-15
8.803630000000000291e+04 1.348459999999999985e-14 1.262060000000000041e-15
1.109610000000000000e+05 6.810679999999999669e-15 6.557409999999999992e-16
1.398550000000000000e+05 3.350679999999999849e-15 4.247889999999999789e-16
1.762730000000000000e+05 1.735360000000000060e-15 3.260600000000000168e-16
2.221750000000000000e+05 6.434090000000000189e-16 1.759530000000000066e-16
2.800290000000000000e+05 2.180370000000000116e-16 1.150740000000000088e-16
3.529490000000000000e+05 7.537310000000000148e-17 6.173969999999999820e-17
4.448570000000000000e+05 2.594040000000000104e-17 2.902569999999999802e-17
5.606980000000000000e+05 8.936500000000000173e-18 1.270659999999999986e-17
7.067040000000000000e+05 3.077949999999999865e-18 5.313459999999999767e-18
8.907290000000000000e+05 1.060169999999999960e-18 2.153780000000000183e-18
1.000000000000000000e+06 6.222010011198592594e-19 0.000000000000000000e+00
2.000000000000000000e+06 2.555925929556638602e-20 0.000000000000000000e+00
3.000000000000000000e+06 3.949721952736046269e-21 0.000000000000000000e+00
