3.417099999999999937e+01 3.181370000000000171e-06
4.433319999999999794e+01 1.423110000000000042e-06
5.751769999999999783e+01 6.289190000000000216e-07
7.462309999999999377e+01 2.960419999999999982e-07
9.681550000000000011e+01 1.483320000000000077e-07
1.256080000000000041e+02 8.148380000000000600e-08
1.629629999999999939e+02 4.693390000000000312e-08
2.114269999999999925e+02 2.491560000000000110e-08
2.743050000000000068e+02 1.308879999999999972e-08
3.558809999999999718e+02 6.642190000000000200e-09
4.617180000000000177e+02 3.215879999999999859e-09
5.990299999999999727e+02 1.636839999999999902e-09
7.771789999999999736e+02 8.328100000000000430e-10
1.008309999999999945e+03 4.241590000000000032e-10
1.308170000000000073e+03 2.314689999999999945e-10
1.697210000000000036e+03 1.250060000000000076e-10
2.201960000000000036e+03 6.455690000000000172e-11
2.856809999999999945e+03 3.883289999999999703e-11
3.706400000000000091e+03 2.465769999999999903e-11
4.808670000000000073e+03 1.430899999999999971e-11
6.238739999999999782e+03 8.528179999999999715e-12
8.094100000000000364e+03 5.353309999999999936e-12
1.050120000000000073e+04 2.958489999999999847e-12
1.362420000000000073e+04 1.681760000000000096e-12
1.767600000000000000e+04 9.630679999999999107e-13
2.293279999999999927e+04 5.083680000000000407e-13
2.975279999999999927e+04 2.832479999999999862e-13
3.860119999999999709e+04 1.596989999999999943e-13
5.008090000000000146e+04 7.778019999999999961e-14
6.497469999999999709e+04 3.451849999999999953e-14
8.429780000000000291e+04 1.649610000000000077e-14
1.093670000000000000e+05 7.634630000000000761e-15
1.418930000000000000e+05 2.751190000000000042e-15
1.840910000000000000e+05 1.236709999999999934e-15
2.388380000000000000e+05 8.606170000000000175e-16
3.098680000000000000e+05 3.720669999999999971e-16
4.020200000000000000e+05 9.498509999999999850e-17
5.215790000000000000e+05 5.626459999999999873e-17
6.766940000000000000e+05 6.659230000000000580e-17
8.779380000000000000e+05 7.077610000000000044e-17
