3.417099999999999937e+01 9.707809999999999470e-06
4.433319999999999794e+01 5.057220000000000176e-06
5.751769999999999783e+01 2.687459999999999846e-06
7.462309999999999377e+01 1.244639999999999954e-06
9.681550000000000011e+01 5.019139999999999772e-07
1.256080000000000041e+02 2.568940000000000238e-07
1.629629999999999939e+02 1.489400000000000089e-07
2.114269999999999925e+02 7.913770000000000063e-08
2.743050000000000068e+02 4.255409999999999722e-08
3.558809999999999718e+02 2.273070000000000051e-08
4.617180000000000177e+02 1.190520000000000062e-08
5.990299999999999727e+02 6.547980000000000378e-09
7.771789999999999736e+02 3.804790000000000052e-09
1.008309999999999945e+03 1.959440000000000008e-09
1.308170000000000073e+03 8.970630000000000278e-10
1.697210000000000036e+03 4.376079999999999844e-10
2.201960000000000036e+03 2.429130000000000172e-10
2.856809999999999945e+03 1.235270000000000119e-10
3.706400000000000091e+03 5.972529999999999795e-11
4.808670000000000073e+03 3.282119999999999751e-11
6.238739999999999782e+03 1.907680000000000127e-11
8.094100000000000364e+03 1.162650000000000019e-11
1.050120000000000073e+04 6.269340000000000022e-12
1.362420000000000073e+04 3.584180000000000183e-12
1.767600000000000000e+04 2.089809999999999958e-12
2.293279999999999927e+04 1.103009999999999962e-12
2.975279999999999927e+04 6.711129999999999698e-13
3.860119999999999709e+04 4.534000000000000169e-13
5.008090000000000146e+04 2.875529999999999865e-13
6.497469999999999709e+04 1.745630000000000055e-13
8.429780000000000291e+04 1.169489999999999998e-13
1.093670000000000000e+05 9.386070000000000364e-14
1.418930000000000000e+05 7.644770000000000251e-14
1.840910000000000000e+05 5.381830000000000126e-14
2.388380000000000000e+05 4.039549999999999938e-14
3.098680000000000000e+05 2.406780000000000032e-14
4.020200000000000000e+05 1.150079999999999945e-14
5.215790000000000000e+05 5.495580000000000052e-15
6.766940000000000000e+05 2.457680000000000130e-15
8.779380000000000000e+05 1.113479999999999902e-15
