3.417099999999999937e+01 6.133760000000000206e-06
4.433319999999999794e+01 2.815490000000000126e-06
5.751769999999999783e+01 1.296749999999999909e-06
7.462309999999999377e+01 5.686779999999999786e-07
9.681550000000000011e+01 2.371239999999999997e-07
1.256080000000000041e+02 1.175120000000000003e-07
1.629629999999999939e+02 6.416550000000000636e-08
2.114269999999999925e+02 3.216240000000000218e-08
2.743050000000000068e+02 1.592290000000000092e-08
3.558809999999999718e+02 8.062549999999999626e-09
4.617180000000000177e+02 4.118400000000000171e-09
5.990299999999999727e+02 2.180810000000000041e-09
7.771789999999999736e+02 1.169630000000000023e-09
1.008309999999999945e+03 5.791390000000000202e-10
1.308170000000000073e+03 2.811289999999999812e-10
1.697210000000000036e+03 1.480009999999999886e-10
2.201960000000000036e+03 8.058790000000000561e-11
2.856809999999999945e+03 4.791769999999999806e-11
3.706400000000000091e+03 2.851259999999999869e-11
4.808670000000000073e+03 1.621709999999999963e-11
6.238739999999999782e+03 9.783059999999999716e-12
8.094100000000000364e+03 6.207429999999999936e-12
1.050120000000000073e+04 3.485519999999999874e-12
1.362420000000000073e+04 2.018280000000000161e-12
1.767600000000000000e+04 1.179180000000000030e-12
2.293279999999999927e+04 6.433749999999999722e-13
2.975279999999999927e+04 3.736060000000000238e-13
3.860119999999999709e+04 2.249830000000000068e-13
5.008090000000000146e+04 1.189150000000000037e-13
6.497469999999999709e+04 6.055579999999999527e-14
8.429780000000000291e+04 3.441940000000000074e-14
1.093670000000000000e+05 2.134100000000000027e-14
1.418930000000000000e+05 1.205079999999999931e-14
1.840910000000000000e+05 6.640219999999999656e-15
2.388380000000000000e+05 4.461620000000000109e-15
3.098680000000000000e+05 2.522100000000000100e-15
4.020200000000000000e+05 1.149519999999999991e-15
5.215790000000000000e+05 6.470929999999999818e-16
6.766940000000000000e+05 4.254619999999999999e-16
8.779380000000000000e+05 2.720809999999999931e-16
