3.417099999999999937e+01 5.394109999999999588e-06
4.433319999999999794e+01 2.645520000000000041e-06
5.751769999999999783e+01 1.311070000000000053e-06
7.462309999999999377e+01 6.004639999999999696e-07
9.681550000000000011e+01 2.513400000000000258e-07
1.256080000000000041e+02 1.367310000000000085e-07
1.629629999999999939e+02 8.968290000000000429e-08
2.114269999999999925e+02 4.733550000000000058e-08
2.743050000000000068e+02 2.212180000000000027e-08
3.558809999999999718e+02 1.190869999999999963e-08
4.617180000000000177e+02 6.822300000000000315e-09
5.990299999999999727e+02 3.996460000000000073e-09
7.771789999999999736e+02 2.549410000000000195e-09
1.008309999999999945e+03 1.344609999999999971e-09
1.308170000000000073e+03 6.688309999999999623e-10
1.697210000000000036e+03 3.222350000000000251e-10
2.201960000000000036e+03 1.372199999999999925e-10
2.856809999999999945e+03 6.476410000000000593e-11
3.706400000000000091e+03 3.758270000000000222e-11
4.808670000000000073e+03 2.437899999999999861e-11
6.238739999999999782e+03 1.624469999999999923e-11
8.094100000000000364e+03 1.205309999999999920e-11
1.050120000000000073e+04 8.198319999999999341e-12
1.362420000000000073e+04 5.135420000000000346e-12
1.767600000000000000e+04 2.895790000000000124e-12
2.293279999999999927e+04 1.873009999999999912e-12
2.975279999999999927e+04 1.588649999999999900e-12
3.860119999999999709e+04 1.042720000000000024e-12
5.008090000000000146e+04 5.344000000000000251e-13
6.497469999999999709e+04 2.756769999999999773e-13
8.429780000000000291e+04 1.420779999999999930e-13
1.093670000000000000e+05 7.556100000000000489e-14
1.418930000000000000e+05 4.229769999999999783e-14
1.840910000000000000e+05 2.621579999999999973e-14
2.388380000000000000e+05 1.722170000000000135e-14
3.098680000000000000e+05 1.109439999999999979e-14
4.020200000000000000e+05 7.454890000000000723e-15
5.215790000000000000e+05 4.870139999999999892e-15
6.766940000000000000e+05 3.061939999999999816e-15
8.779380000000000000e+05 1.938220000000000165e-15
