3.417099999999999937e+01 5.432119999999999755e-06
4.433319999999999794e+01 2.561630000000000155e-06
5.751769999999999783e+01 1.220670000000000037e-06
7.462309999999999377e+01 5.415960000000000277e-07
9.681550000000000011e+01 2.206050000000000090e-07
1.256080000000000041e+02 1.104430000000000050e-07
1.629629999999999939e+02 6.225669999999999657e-08
2.114269999999999925e+02 3.183399999999999905e-08
2.743050000000000068e+02 1.607099999999999879e-08
3.558809999999999718e+02 8.304600000000000460e-09
4.617180000000000177e+02 4.297919999999999981e-09
5.990299999999999727e+02 2.243180000000000106e-09
7.771789999999999736e+02 1.183520000000000065e-09
1.008309999999999945e+03 5.852000000000000058e-10
1.308170000000000073e+03 2.859240000000000148e-10
1.697210000000000036e+03 1.487240000000000129e-10
2.201960000000000036e+03 7.565770000000000386e-11
2.856809999999999945e+03 4.343729999999999950e-11
3.706400000000000091e+03 2.790289999999999897e-11
4.808670000000000073e+03 1.631140000000000015e-11
6.238739999999999782e+03 9.813329999999999343e-12
8.094100000000000364e+03 6.540290000000000195e-12
1.050120000000000073e+04 3.682160000000000135e-12
1.362420000000000073e+04 2.156389999999999862e-12
1.767600000000000000e+04 1.276319999999999958e-12
2.293279999999999927e+04 7.233260000000000220e-13
2.975279999999999927e+04 4.596489999999999936e-13
3.860119999999999709e+04 3.070530000000000044e-13
5.008090000000000146e+04 1.849220000000000021e-13
6.497469999999999709e+04 1.085950000000000033e-13
8.429780000000000291e+04 7.107030000000000313e-14
1.093670000000000000e+05 5.370130000000000035e-14
1.418930000000000000e+05 4.312899999999999853e-14
1.840910000000000000e+05 2.838479999999999849e-14
2.388380000000000000e+05 1.839189999999999974e-14
3.098680000000000000e+05 9.572959999999999265e-15
4.020200000000000000e+05 3.776370000000000264e-15
5.215790000000000000e+05 1.805229999999999951e-15
6.766940000000000000e+05 9.691420000000000405e-16
8.779380000000000000e+05 5.089380000000000078e-16
