3.417099999999999937e+01 4.118319999999999730e-06
4.433319999999999794e+01 1.752569999999999976e-06
5.751769999999999783e+01 7.357810000000000159e-07
7.462309999999999377e+01 3.412219999999999832e-07
9.681550000000000011e+01 1.705619999999999890e-07
1.256080000000000041e+02 9.307500000000000460e-08
1.629629999999999939e+02 5.720689999999999857e-08
2.114269999999999925e+02 3.174070000000000311e-08
2.743050000000000068e+02 1.640509999999999911e-08
3.558809999999999718e+02 8.396969999999999387e-09
4.617180000000000177e+02 4.165179999999999879e-09
5.990299999999999727e+02 2.148990000000000041e-09
7.771789999999999736e+02 1.138599999999999977e-09
1.008309999999999945e+03 6.164379999999999758e-10
1.308170000000000073e+03 3.441110000000000228e-10
1.697210000000000036e+03 1.875689999999999961e-10
2.201960000000000036e+03 9.884320000000000356e-11
2.856809999999999945e+03 5.769340000000000133e-11
3.706400000000000091e+03 3.708119999999999754e-11
4.808670000000000073e+03 2.314629999999999882e-11
6.238739999999999782e+03 1.444080000000000043e-11
8.094100000000000364e+03 8.641940000000000636e-12
1.050120000000000073e+04 5.010479999999999871e-12
1.362420000000000073e+04 2.765289999999999822e-12
1.767600000000000000e+04 1.445949999999999912e-12
2.293279999999999927e+04 7.563079999999999920e-13
2.975279999999999927e+04 3.907380000000000159e-13
3.860119999999999709e+04 2.027380000000000092e-13
5.008090000000000146e+04 1.057549999999999997e-13
6.497469999999999709e+04 5.386269999999999701e-14
8.429780000000000291e+04 2.722169999999999976e-14
1.093670000000000000e+05 1.266999999999999959e-14
1.418930000000000000e+05 5.839099999999999765e-15
1.840910000000000000e+05 1.723150000000000005e-15
2.720450000000000000e+05 5.417650000000000381e-16
4.579140000000000000e+05 6.189240000000000510e-17
7.707760000000000000e+05 3.110824999999999623e-17
