3.417099999999999937e+01 3.181260000000000099e-06
4.433319999999999794e+01 1.423099999999999978e-06
5.751769999999999783e+01 6.289469999999999474e-07
7.462309999999999377e+01 2.960549999999999865e-07
9.681550000000000011e+01 1.483310000000000065e-07
1.256080000000000041e+02 8.148450000000000415e-08
1.629629999999999939e+02 4.693730000000000169e-08
2.114269999999999925e+02 2.491730000000000038e-08
2.743050000000000068e+02 1.308869999999999927e-08
3.558809999999999718e+02 6.642040000000000361e-09
4.617180000000000177e+02 3.215949999999999839e-09
5.990299999999999727e+02 1.637000000000000034e-09
7.771789999999999736e+02 8.330470000000000082e-10
1.008309999999999945e+03 4.242250000000000007e-10
1.308170000000000073e+03 2.313399999999999994e-10
1.697210000000000036e+03 1.250859999999999959e-10
2.201960000000000036e+03 6.473130000000000631e-11
2.856809999999999945e+03 3.920449999999999759e-11
3.706400000000000091e+03 2.517190000000000021e-11
4.808670000000000073e+03 1.482899999999999992e-11
6.238739999999999782e+03 9.010040000000000249e-12
8.094100000000000364e+03 5.775650000000000335e-12
1.050120000000000073e+04 3.276090000000000028e-12
1.362420000000000073e+04 1.883770000000000161e-12
1.767600000000000000e+04 1.079300000000000056e-12
2.293279999999999927e+04 5.644079999999999716e-13
2.975279999999999927e+04 3.066279999999999835e-13
3.860119999999999709e+04 1.727039999999999980e-13
5.008090000000000146e+04 8.561860000000000486e-14
6.497469999999999709e+04 3.896700000000000072e-14
8.429780000000000291e+04 1.904990000000000057e-14
1.093670000000000000e+05 9.795479999999999576e-15
1.418930000000000000e+05 4.299440000000000301e-15
1.840910000000000000e+05 2.109530000000000182e-15
2.388380000000000000e+05 1.425780000000000066e-15
3.098680000000000000e+05 7.591349999999999592e-16
4.020200000000000000e+05 3.021439999999999848e-16
5.215790000000000000e+05 1.911809999999999998e-16
6.766940000000000000e+05 1.790480000000000105e-16
8.779380000000000000e+05 1.573070000000000089e-16
