3.417099999999999937e+01 4.007260000000000322e-06
4.433319999999999794e+01 2.187179999999999869e-06
5.751769999999999783e+01 1.218590000000000008e-06
7.462309999999999377e+01 5.634980000000000342e-07
9.681550000000000011e+01 2.206980000000000086e-07
1.256080000000000041e+02 1.134449999999999944e-07
1.629629999999999939e+02 6.766520000000000163e-08
2.114269999999999925e+02 3.684529999999999973e-08
2.743050000000000068e+02 1.986909999999999956e-08
3.558809999999999718e+02 1.054129999999999957e-08
4.617180000000000177e+02 5.447229999999999604e-09
5.990299999999999727e+02 2.783969999999999848e-09
7.771789999999999736e+02 1.481219999999999978e-09
1.008309999999999945e+03 8.710119999999999903e-10
1.308170000000000073e+03 4.800679999999999598e-10
1.697210000000000036e+03 2.243659999999999881e-10
2.201960000000000036e+03 1.111100000000000046e-10
2.856809999999999945e+03 5.656999999999999826e-11
3.706400000000000091e+03 2.963289999999999907e-11
4.808670000000000073e+03 1.565369999999999902e-11
6.238739999999999782e+03 9.321190000000000190e-12
8.094100000000000364e+03 6.486800000000000188e-12
1.050120000000000073e+04 3.591090000000000201e-12
1.362420000000000073e+04 2.112560000000000038e-12
1.767600000000000000e+04 1.283970000000000031e-12
2.293279999999999927e+04 7.398790000000000021e-13
2.975279999999999927e+04 5.102879999999999962e-13
3.860119999999999709e+04 3.345980000000000148e-13
5.008090000000000146e+04 1.747600000000000046e-13
6.497469999999999709e+04 1.165750000000000107e-13
8.429780000000000291e+04 1.051389999999999976e-13
1.093670000000000000e+05 9.910400000000000110e-14
1.418930000000000000e+05 1.063579999999999947e-13
1.840910000000000000e+05 8.467470000000000623e-14
2.388380000000000000e+05 6.062790000000000211e-14
3.098680000000000000e+05 3.752620000000000145e-14
4.020200000000000000e+05 1.808580000000000054e-14
5.215790000000000000e+05 8.744319999999999274e-15
6.766940000000000000e+05 4.047190000000000196e-15
8.779380000000000000e+05 1.889119999999999821e-15
