3.417099999999999937e+01 1.178469999999999916e-05
4.433319999999999794e+01 5.916720000000000163e-06
5.751769999999999783e+01 3.037470000000000159e-06
7.462309999999999377e+01 1.333919999999999970e-06
9.681550000000000011e+01 4.982480000000000024e-07
1.256080000000000041e+02 2.494339999999999822e-07
1.629629999999999939e+02 1.487260000000000044e-07
2.114269999999999925e+02 7.868109999999999375e-08
2.743050000000000068e+02 4.115640000000000317e-08
3.558809999999999718e+02 2.179209999999999964e-08
4.617180000000000177e+02 1.146179999999999944e-08
5.990299999999999727e+02 6.323959999999999739e-09
7.771789999999999736e+02 3.693209999999999905e-09
1.008309999999999945e+03 1.911769999999999903e-09
1.308170000000000073e+03 8.806739999999999514e-10
1.697210000000000036e+03 4.305389999999999853e-10
2.201960000000000036e+03 2.385120000000000031e-10
2.856809999999999945e+03 1.215280000000000016e-10
3.706400000000000091e+03 5.906459999999999371e-11
4.808670000000000073e+03 3.254859999999999966e-11
6.238739999999999782e+03 1.894479999999999981e-11
8.094100000000000364e+03 1.155229999999999956e-11
1.050120000000000073e+04 6.224840000000000363e-12
1.362420000000000073e+04 3.558059999999999886e-12
1.767600000000000000e+04 2.074200000000000189e-12
2.293279999999999927e+04 1.095970000000000024e-12
2.975279999999999927e+04 6.686490000000000118e-13
3.860119999999999709e+04 4.519029999999999880e-13
5.008090000000000146e+04 2.860950000000000042e-13
6.497469999999999709e+04 1.735219999999999951e-13
8.429780000000000291e+04 1.161510000000000117e-13
1.093670000000000000e+05 9.331939999999999463e-14
1.418930000000000000e+05 7.628700000000000603e-14
1.840910000000000000e+05 5.373050000000000011e-14
2.388380000000000000e+05 4.021389999999999816e-14
3.098680000000000000e+05 2.397599999999999990e-14
4.020200000000000000e+05 1.150550000000000049e-14
5.215790000000000000e+05 5.496040000000000063e-15
6.766940000000000000e+05 2.448369999999999984e-15
8.779380000000000000e+05 1.105770000000000019e-15
