3.417099999999999937e+01 7.140199999999999840e-07
4.433319999999999794e+01 5.035829999999999903e-07
5.751769999999999783e+01 3.593209999999999920e-07
7.462309999999999377e+01 2.189299999999999891e-07
9.681550000000000011e+01 1.198119999999999879e-07
1.256080000000000041e+02 6.949680000000000593e-08
1.629629999999999939e+02 3.952819999999999922e-08
2.114269999999999925e+02 2.171579999999999981e-08
2.743050000000000068e+02 1.205759999999999939e-08
3.558809999999999718e+02 6.523199999999999973e-09
4.617180000000000177e+02 3.319700000000000024e-09
5.990299999999999727e+02 1.600859999999999991e-09
7.771789999999999736e+02 8.080010000000000101e-10
1.008309999999999945e+03 5.159230000000000391e-10
1.308170000000000073e+03 3.182529999999999866e-10
1.697210000000000036e+03 1.467760000000000006e-10
2.201960000000000036e+03 6.860050000000000521e-11
2.856809999999999945e+03 3.752559999999999835e-11
3.706400000000000091e+03 2.260869999999999918e-11
4.808670000000000073e+03 1.304500000000000025e-11
6.238739999999999782e+03 7.556660000000000236e-12
8.094100000000000364e+03 4.653940000000000261e-12
1.050120000000000073e+04 2.470799999999999933e-12
1.362420000000000073e+04 1.395020000000000048e-12
1.767600000000000000e+04 8.081020000000000033e-13
2.293279999999999927e+04 4.182360000000000063e-13
2.975279999999999927e+04 2.474220000000000134e-13
3.860119999999999709e+04 1.372109999999999997e-13
5.008090000000000146e+04 5.684960000000000143e-14
6.497469999999999709e+04 2.699540000000000001e-14
8.429780000000000291e+04 1.597850000000000040e-14
1.093670000000000000e+05 8.095559999999999358e-15
1.418930000000000000e+05 3.160629999999999848e-15
1.840910000000000000e+05 1.287329999999999956e-15
2.720450000000000000e+05 4.365410000000000070e-16
4.579140000000000000e+05 1.445739999999999951e-16
7.707760000000000000e+05 5.159429999999999979e-17
