3.417099999999999937e+01 1.080749999999999986e-06
4.433319999999999794e+01 6.642300000000000126e-07
5.751769999999999783e+01 4.104659999999999910e-07
7.462309999999999377e+01 2.397650000000000032e-07
9.681550000000000011e+01 1.343179999999999988e-07
1.256080000000000041e+02 7.708910000000000173e-08
1.629629999999999939e+02 4.341820000000000295e-08
2.114269999999999925e+02 2.215579999999999912e-08
2.743050000000000068e+02 1.100859999999999939e-08
3.558809999999999718e+02 5.677140000000000105e-09
4.617180000000000177e+02 2.827870000000000079e-09
5.990299999999999727e+02 1.311629999999999947e-09
7.771789999999999736e+02 6.187749999999999648e-10
1.008309999999999945e+03 3.166410000000000132e-10
1.308170000000000073e+03 1.713470000000000081e-10
1.697210000000000036e+03 8.833270000000000145e-11
2.201960000000000036e+03 4.302950000000000118e-11
2.856809999999999945e+03 2.428759999999999841e-11
3.706400000000000091e+03 1.779450000000000056e-11
4.808670000000000073e+03 1.268620000000000061e-11
6.238739999999999782e+03 7.431859999999999798e-12
8.094100000000000364e+03 4.402230000000000317e-12
1.050120000000000073e+04 2.503489999999999867e-12
1.362420000000000073e+04 1.418419999999999928e-12
1.767600000000000000e+04 8.135969999999999713e-13
2.293279999999999927e+04 4.615509999999999586e-13
2.975279999999999927e+04 2.685079999999999904e-13
3.860119999999999709e+04 1.458660000000000017e-13
5.008090000000000146e+04 7.202310000000000236e-14
6.497469999999999709e+04 3.624599999999999772e-14
8.429780000000000291e+04 1.789059999999999927e-14
1.093670000000000000e+05 7.947489999999999301e-15
1.418930000000000000e+05 3.659300000000000119e-15
1.840910000000000000e+05 1.752659999999999966e-15
2.720450000000000000e+05 3.694070000000000189e-16
4.579140000000000000e+05 1.214210000000000013e-16
7.707760000000000000e+05 4.285689999999999881e-17
