3.417099999999999937e+01 4.608869999999999632e-06
4.433319999999999794e+01 2.635529999999999989e-06
5.751769999999999783e+01 1.548530000000000063e-06
7.462309999999999377e+01 7.312550000000000189e-07
9.681550000000000011e+01 2.823380000000000232e-07
1.256080000000000041e+02 1.438450000000000020e-07
1.629629999999999939e+02 8.519040000000000559e-08
2.114269999999999925e+02 4.538520000000000329e-08
2.743050000000000068e+02 2.377410000000000044e-08
3.558809999999999718e+02 1.240010000000000064e-08
4.617180000000000177e+02 6.309739999999999761e-09
5.990299999999999727e+02 3.353150000000000151e-09
7.771789999999999736e+02 1.805659999999999946e-09
1.008309999999999945e+03 9.053019999999999825e-10
1.308170000000000073e+03 4.579179999999999897e-10
1.697210000000000036e+03 2.340900000000000157e-10
2.201960000000000036e+03 1.224339999999999931e-10
2.856809999999999945e+03 6.353990000000000151e-11
3.706400000000000091e+03 3.408769999999999903e-11
4.808670000000000073e+03 1.908309999999999974e-11
6.238739999999999782e+03 1.147159999999999971e-11
8.094100000000000364e+03 7.400289999999999358e-12
1.050120000000000073e+04 4.096800000000000073e-12
1.362420000000000073e+04 2.433440000000000181e-12
1.767600000000000000e+04 1.391620000000000082e-12
2.293279999999999927e+04 8.055309999999999732e-13
2.975279999999999927e+04 5.827229999999999799e-13
3.860119999999999709e+04 3.888340000000000070e-13
5.008090000000000146e+04 2.170499999999999940e-13
6.497469999999999709e+04 1.327699999999999987e-13
8.429780000000000291e+04 9.177119999999999523e-14
1.093670000000000000e+05 7.189369999999999990e-14
1.418930000000000000e+05 7.025599999999999619e-14
1.840910000000000000e+05 5.358959999999999816e-14
2.388380000000000000e+05 3.386319999999999853e-14
3.098680000000000000e+05 1.960820000000000020e-14
4.020200000000000000e+05 9.796140000000000655e-15
5.215790000000000000e+05 5.122289999999999857e-15
6.766940000000000000e+05 2.710950000000000003e-15
8.779380000000000000e+05 1.431440000000000044e-15
