3.368030000000000257e+01 2.563219999999999999e-06 5.499830000000000022e-09
4.245060000000000144e+01 1.203810000000000084e-06 1.552560000000000065e-09
5.350469999999999970e+01 5.616549999999999825e-07 1.160420000000000011e-09
6.743739999999999668e+01 2.747510000000000228e-07 5.792669999999999809e-10
8.499809999999999377e+01 1.304889999999999980e-07 4.073410000000000206e-10
1.071320000000000050e+02 8.897140000000000484e-08 2.041610000000000046e-10
1.350289999999999964e+02 6.117670000000000279e-08 1.769270000000000033e-10
1.701899999999999977e+02 3.781539999999999992e-08 8.349750000000000040e-11
2.145080000000000098e+02 2.374199999999999846e-08 7.369420000000000076e-11
2.703650000000000091e+02 1.435760000000000013e-08 3.314979999999999755e-11
3.407690000000000055e+02 8.683680000000000768e-09 2.467010000000000006e-11
4.295049999999999955e+02 5.042730000000000018e-09 1.395530000000000052e-11
5.413479999999999563e+02 2.921010000000000028e-09 9.803979999999999590e-12
6.823150000000000546e+02 1.636740000000000078e-09 6.359209999999999921e-12
8.599900000000000091e+02 9.345469999999999162e-10 4.074110000000000297e-12
1.083930000000000064e+03 5.484819999999999677e-10 2.953720000000000060e-12
1.366190000000000055e+03 3.026780000000000171e-10 1.678640000000000004e-12
1.721940000000000055e+03 1.577840000000000054e-10 1.224439999999999981e-12
2.170340000000000146e+03 9.275900000000000249e-11 6.587679999999999855e-13
2.735489999999999782e+03 5.664810000000000133e-11 5.653479999999999655e-13
3.447809999999999945e+03 3.362920000000000134e-11 2.797530000000000097e-13
4.345619999999999891e+03 1.981300000000000050e-11 2.489069999999999814e-13
5.477229999999999563e+03 1.235100000000000018e-11 1.237730000000000018e-13
6.903500000000000000e+03 7.640509999999999318e-12 1.149790000000000092e-13
8.701170000000000073e+03 4.713090000000000065e-12 5.909079999999999849e-14
1.096700000000000000e+04 2.901579999999999840e-12 5.047780000000000151e-14
1.382270000000000073e+04 1.718799999999999906e-12 2.558220000000000142e-14
1.742220000000000073e+04 1.029010000000000075e-12 2.265900000000000157e-14
2.195890000000000146e+04 6.016469999999999505e-13 1.125819999999999980e-14
2.767700000000000000e+04 3.533690000000000163e-13 9.183320000000000294e-15
3.488409999999999854e+04 2.054690000000000103e-13 5.717650000000000128e-15
4.396800000000000000e+04 1.180919999999999980e-13 3.504160000000000127e-15
5.541719999999999709e+04 6.811679999999999961e-14 3.045740000000000065e-15
6.984789999999999418e+04 3.891369999999999806e-14 1.484840000000000083e-15
8.803630000000000291e+04 2.221089999999999967e-14 1.269279999999999988e-15
1.109610000000000000e+05 1.290399999999999984e-14 6.984409999999999831e-16
1.398550000000000000e+05 7.552939999999999230e-15 4.006150000000000026e-16
1.762730000000000000e+05 4.367549999999999746e-15 3.109519999999999891e-16
2.221750000000000000e+05 2.712540000000000094e-15 1.865710000000000097e-16
2.800290000000000000e+05 1.721219999999999992e-15 1.033559999999999976e-16
3.529490000000000000e+05 1.087849999999999918e-15 6.749820000000000342e-17
4.448570000000000000e+05 6.880560000000000126e-16 5.085600000000000118e-17
5.606980000000000000e+05 4.351290000000000148e-16 3.998789999999999967e-17
7.067040000000000000e+05 2.751850000000000037e-16 3.112979999999999902e-17
8.907290000000000000e+05 1.740310000000000071e-16 2.368200000000000079e-17
1.000000000000000000e+06 1.383970329651392677e-16 0.000000000000000000e+00
2.000000000000000000e+06 3.508412893670339342e-17 0.000000000000000000e+00
3.000000000000000000e+06 1.572040176579772104e-17 0.000000000000000000e+00
