3.417099999999999937e+01 2.672489999999999971e-06
4.433319999999999794e+01 1.489130000000000047e-06
5.751769999999999783e+01 8.421190000000000513e-07
7.462309999999999377e+01 4.211680000000000031e-07
9.681550000000000011e+01 1.886200000000000042e-07
1.256080000000000041e+02 9.822420000000000415e-08
1.629629999999999939e+02 5.453530000000000130e-08
2.114269999999999925e+02 2.712030000000000033e-08
2.743050000000000068e+02 1.317809999999999940e-08
3.558809999999999718e+02 6.887650000000000302e-09
4.617180000000000177e+02 3.621620000000000156e-09
5.990299999999999727e+02 1.829189999999999967e-09
7.771789999999999736e+02 9.405340000000000941e-10
1.008309999999999945e+03 4.586159999999999805e-10
1.308170000000000073e+03 2.135800000000000007e-10
1.697210000000000036e+03 1.001630000000000061e-10
2.201960000000000036e+03 5.047580000000000187e-11
2.856809999999999945e+03 2.834190000000000064e-11
3.706400000000000091e+03 1.810779999999999924e-11
4.808670000000000073e+03 1.093200000000000067e-11
6.238739999999999782e+03 6.816609999999999971e-12
8.094100000000000364e+03 4.885719999999999906e-12
1.050120000000000073e+04 2.803599999999999888e-12
1.362420000000000073e+04 1.697540000000000055e-12
1.767600000000000000e+04 1.004019999999999997e-12
2.293279999999999927e+04 6.042539999999999615e-13
2.975279999999999927e+04 4.596529999999999802e-13
3.860119999999999709e+04 3.244769999999999815e-13
5.008090000000000146e+04 1.945709999999999946e-13
6.497469999999999709e+04 1.262729999999999912e-13
8.429780000000000291e+04 9.580220000000000097e-14
1.093670000000000000e+05 8.263909999999999974e-14
1.418930000000000000e+05 8.143880000000000585e-14
1.840910000000000000e+05 5.950539999999999856e-14
2.388380000000000000e+05 3.754079999999999817e-14
3.098680000000000000e+05 2.127299999999999995e-14
4.020200000000000000e+05 1.021639999999999932e-14
5.215790000000000000e+05 5.097559999999999946e-15
6.766940000000000000e+05 2.514099999999999970e-15
8.779380000000000000e+05 1.242550000000000045e-15
