3.417099999999999937e+01 2.262830000000000153e-06
4.433319999999999794e+01 1.076740000000000045e-06
5.751769999999999783e+01 5.067809999999999638e-07
7.462309999999999377e+01 2.576709999999999784e-07
9.681550000000000011e+01 1.395790000000000086e-07
1.256080000000000041e+02 7.881039999999999743e-08
1.629629999999999939e+02 4.779190000000000326e-08
2.114269999999999925e+02 2.625529999999999887e-08
2.743050000000000068e+02 1.329160000000000071e-08
3.558809999999999718e+02 6.829319999999999739e-09
4.617180000000000177e+02 3.509639999999999887e-09
5.990299999999999727e+02 1.759309999999999997e-09
7.771789999999999736e+02 8.550920000000000081e-10
1.008309999999999945e+03 4.346079999999999947e-10
1.308170000000000073e+03 2.300960000000000034e-10
1.697210000000000036e+03 1.179240000000000004e-10
2.201960000000000036e+03 5.731680000000000312e-11
2.856809999999999945e+03 3.349530000000000168e-11
3.706400000000000091e+03 2.347000000000000077e-11
4.808670000000000073e+03 1.509829999999999919e-11
6.238739999999999782e+03 9.305470000000000334e-12
8.094100000000000364e+03 5.645960000000000309e-12
1.050120000000000073e+04 3.363540000000000024e-12
1.362420000000000073e+04 1.938480000000000036e-12
1.767600000000000000e+04 1.077230000000000046e-12
2.293279999999999927e+04 6.007629999999999717e-13
2.975279999999999927e+04 3.373389999999999826e-13
3.860119999999999709e+04 1.774830000000000072e-13
5.008090000000000146e+04 8.781540000000000617e-14
6.497469999999999709e+04 4.370010000000000026e-14
8.429780000000000291e+04 2.170989999999999883e-14
1.093670000000000000e+05 1.036679999999999956e-14
1.418930000000000000e+05 4.931989999999999901e-15
1.840910000000000000e+05 1.901970000000000020e-15
2.720450000000000000e+05 2.940550000000000026e-16
4.579140000000000000e+05 5.120879999999999825e-17
7.707760000000000000e+05 3.189660000000000020e-17
