3.417099999999999937e+01 3.862580000000000379e-06
4.433319999999999794e+01 1.639109999999999965e-06
5.751769999999999783e+01 6.884269999999999480e-07
7.462309999999999377e+01 3.202219999999999937e-07
9.681550000000000011e+01 1.628490000000000046e-07
1.256080000000000041e+02 9.185959999999999492e-08
1.629629999999999939e+02 5.422190000000000195e-08
2.114269999999999925e+02 2.648139999999999915e-08
2.743050000000000068e+02 1.222830000000000005e-08
3.558809999999999718e+02 5.949169999999999630e-09
4.617180000000000177e+02 2.812359999999999995e-09
5.990299999999999727e+02 1.435529999999999901e-09
7.771789999999999736e+02 7.107259999999999505e-10
1.008309999999999945e+03 2.693980000000000038e-10
1.308170000000000073e+03 1.078300000000000040e-10
1.697210000000000036e+03 4.848940000000000137e-11
2.201960000000000036e+03 2.678479999999999872e-11
2.856809999999999945e+03 2.154539999999999986e-11
3.706400000000000091e+03 1.825569999999999945e-11
4.808670000000000073e+03 1.273409999999999923e-11
6.238739999999999782e+03 7.750610000000000636e-12
8.094100000000000364e+03 5.074820000000000382e-12
1.050120000000000073e+04 3.036879999999999879e-12
1.362420000000000073e+04 1.760980000000000035e-12
1.767600000000000000e+04 9.682529999999999537e-13
2.293279999999999927e+04 5.130470000000000049e-13
2.975279999999999927e+04 3.085089999999999934e-13
3.860119999999999709e+04 1.720089999999999944e-13
5.008090000000000146e+04 8.873479999999999819e-14
6.497469999999999709e+04 4.180550000000000296e-14
8.429780000000000291e+04 2.001829999999999950e-14
1.093670000000000000e+05 1.113019999999999930e-14
1.418930000000000000e+05 5.374240000000000332e-15
1.840910000000000000e+05 2.083870000000000077e-15
2.388380000000000000e+05 7.856020000000000203e-16
3.098680000000000000e+05 3.951709999999999875e-16
4.020200000000000000e+05 2.690110000000000240e-16
5.215790000000000000e+05 1.566759999999999943e-16
6.766940000000000000e+05 8.081959999999999788e-17
8.779380000000000000e+05 4.264890000000000115e-17
