3.417099999999999937e+01 9.361079999999999488e-06
4.433319999999999794e+01 4.802929999999999770e-06
5.751769999999999783e+01 2.502880000000000082e-06
7.462309999999999377e+01 1.200429999999999957e-06
9.681550000000000011e+01 5.266269999999999682e-07
1.256080000000000041e+02 2.753490000000000127e-07
1.629629999999999939e+02 1.537329999999999910e-07
2.114269999999999925e+02 7.353709999999999745e-08
2.743050000000000068e+02 3.445210000000000183e-08
3.558809999999999718e+02 1.725759999999999963e-08
4.617180000000000177e+02 8.544189999999999629e-09
5.990299999999999727e+02 4.696529999999999704e-09
7.771789999999999736e+02 2.602830000000000203e-09
1.008309999999999945e+03 1.064050000000000063e-09
1.308170000000000073e+03 4.512310000000000106e-10
1.697210000000000036e+03 2.022979999999999977e-10
2.201960000000000036e+03 1.090280000000000060e-10
2.856809999999999945e+03 6.911279999999999526e-11
3.706400000000000091e+03 3.512790000000000181e-11
4.808670000000000073e+03 1.933780000000000107e-11
6.238739999999999782e+03 1.151179999999999948e-11
8.094100000000000364e+03 7.162149999999999729e-12
1.050120000000000073e+04 4.111920000000000113e-12
1.362420000000000073e+04 2.390009999999999830e-12
1.767600000000000000e+04 1.380540000000000093e-12
2.293279999999999927e+04 7.562820000000000282e-13
2.975279999999999927e+04 4.539650000000000250e-13
3.860119999999999709e+04 2.988549999999999923e-13
5.008090000000000146e+04 2.124439999999999882e-13
6.497469999999999709e+04 1.397689999999999975e-13
8.429780000000000291e+04 9.584410000000000506e-14
1.093670000000000000e+05 8.258799999999999857e-14
1.418930000000000000e+05 6.831140000000000163e-14
1.840910000000000000e+05 4.386579999999999899e-14
2.388380000000000000e+05 2.895700000000000096e-14
3.098680000000000000e+05 1.641180000000000056e-14
4.020200000000000000e+05 8.211439999999999971e-15
5.215790000000000000e+05 3.942910000000000008e-15
6.766940000000000000e+05 1.713140000000000066e-15
8.779380000000000000e+05 7.591889999999999991e-16
