3.417099999999999937e+01 1.357139999999999935e-06
4.433319999999999794e+01 7.810580000000000315e-07
5.751769999999999783e+01 4.521749999999999842e-07
7.462309999999999377e+01 2.524750000000000158e-07
9.681550000000000011e+01 1.370939999999999966e-07
1.256080000000000041e+02 7.694389999999999855e-08
1.629629999999999939e+02 4.156359999999999904e-08
2.114269999999999925e+02 2.127229999999999984e-08
2.743050000000000068e+02 1.085189999999999972e-08
3.558809999999999718e+02 5.582139999999999916e-09
4.617180000000000177e+02 2.846090000000000043e-09
5.990299999999999727e+02 1.449229999999999968e-09
7.771789999999999736e+02 7.249029999999999730e-10
1.008309999999999945e+03 3.760930000000000164e-10
1.308170000000000073e+03 2.154190000000000085e-10
1.697210000000000036e+03 1.159640000000000015e-10
2.201960000000000036e+03 5.468680000000000160e-11
2.856809999999999945e+03 3.197369999999999734e-11
3.706400000000000091e+03 2.263479999999999883e-11
4.808670000000000073e+03 1.361679999999999990e-11
6.238739999999999782e+03 8.005269999999999876e-12
8.094100000000000364e+03 5.251239999999999746e-12
1.050120000000000073e+04 2.901309999999999883e-12
1.362420000000000073e+04 1.657789999999999947e-12
1.767600000000000000e+04 9.600269999999999845e-13
2.293279999999999927e+04 5.046919999999999865e-13
2.975279999999999927e+04 2.854270000000000115e-13
3.860119999999999709e+04 1.617029999999999977e-13
5.008090000000000146e+04 7.849669999999999459e-14
6.497469999999999709e+04 3.631799999999999732e-14
8.429780000000000291e+04 1.874839999999999991e-14
1.093670000000000000e+05 9.152119999999999314e-15
1.418930000000000000e+05 3.749009999999999757e-15
1.840910000000000000e+05 1.594950000000000013e-15
2.720450000000000000e+05 5.323839999999999553e-16
4.579140000000000000e+05 7.195969999999999467e-17
7.707760000000000000e+05 7.725149999999999912e-17
