3.417099999999999937e+01 7.612170000000000168e-06
4.433319999999999794e+01 3.594580000000000150e-06
5.751769999999999783e+01 1.716889999999999964e-06
7.462309999999999377e+01 7.583719999999999831e-07
9.681550000000000011e+01 3.017279999999999871e-07
1.256080000000000041e+02 1.601690000000000097e-07
1.629629999999999939e+02 1.049519999999999991e-07
2.114269999999999925e+02 5.687320000000000002e-08
2.743050000000000068e+02 2.807840000000000015e-08
3.558809999999999718e+02 1.505590000000000050e-08
4.617180000000000177e+02 8.291450000000000769e-09
5.990299999999999727e+02 4.969780000000000182e-09
7.771789999999999736e+02 3.367570000000000190e-09
1.008309999999999945e+03 1.799450000000000026e-09
1.308170000000000073e+03 8.277649999999999844e-10
1.697210000000000036e+03 3.956709999999999978e-10
2.201960000000000036e+03 1.738969999999999890e-10
2.856809999999999945e+03 9.090690000000000637e-11
3.706400000000000091e+03 5.373309999999999770e-11
4.808670000000000073e+03 3.290630000000000247e-11
6.238739999999999782e+03 2.376070000000000073e-11
8.094100000000000364e+03 1.816969999999999840e-11
1.050120000000000073e+04 1.166700000000000027e-11
1.362420000000000073e+04 7.317310000000000049e-12
1.767600000000000000e+04 4.297420000000000080e-12
2.293279999999999927e+04 2.634069999999999902e-12
2.975279999999999927e+04 2.004409999999999938e-12
3.860119999999999709e+04 1.338529999999999952e-12
5.008090000000000146e+04 6.902460000000000257e-13
6.497469999999999709e+04 3.404989999999999913e-13
8.429780000000000291e+04 1.797230000000000057e-13
1.093670000000000000e+05 1.033419999999999978e-13
1.418930000000000000e+05 5.636819999999999957e-14
1.840910000000000000e+05 3.215869999999999933e-14
2.388380000000000000e+05 2.159020000000000124e-14
3.098680000000000000e+05 1.411810000000000038e-14
4.020200000000000000e+05 8.987089999999999864e-15
5.215790000000000000e+05 5.711550000000000285e-15
6.766940000000000000e+05 3.590449999999999799e-15
8.779380000000000000e+05 2.261430000000000146e-15
