3.417099999999999937e+01 3.022490000000000008e-06
4.433319999999999794e+01 1.585669999999999931e-06
5.751769999999999783e+01 8.399900000000000459e-07
7.462309999999999377e+01 3.974259999999999749e-07
9.681550000000000011e+01 1.721499999999999897e-07
1.256080000000000041e+02 9.036620000000000089e-08
1.629629999999999939e+02 5.165760000000000326e-08
2.114269999999999925e+02 2.809329999999999852e-08
2.743050000000000068e+02 1.559739999999999910e-08
3.558809999999999718e+02 8.297500000000000350e-09
4.617180000000000177e+02 4.216859999999999850e-09
5.990299999999999727e+02 2.129619999999999931e-09
7.771789999999999736e+02 1.113970000000000032e-09
1.008309999999999945e+03 6.639489999999999579e-10
1.308170000000000073e+03 3.846939999999999746e-10
1.697210000000000036e+03 1.808300000000000104e-10
2.201960000000000036e+03 8.602090000000000639e-11
2.856809999999999945e+03 4.535409999999999877e-11
3.706400000000000091e+03 2.648470000000000083e-11
4.808670000000000073e+03 1.451909999999999939e-11
6.238739999999999782e+03 8.491379999999999710e-12
8.094100000000000364e+03 5.898859999999999767e-12
1.050120000000000073e+04 3.276179999999999880e-12
1.362420000000000073e+04 1.922270000000000048e-12
1.767600000000000000e+04 1.162700000000000084e-12
2.293279999999999927e+04 6.578700000000000029e-13
2.975279999999999927e+04 4.385129999999999814e-13
3.860119999999999709e+04 2.812339999999999909e-13
5.008090000000000146e+04 1.472710000000000093e-13
6.497469999999999709e+04 9.030140000000000436e-14
8.429780000000000291e+04 6.823210000000000367e-14
1.093670000000000000e+05 5.708789999999999901e-14
1.418930000000000000e+05 5.637030000000000013e-14
1.840910000000000000e+05 4.195000000000000048e-14
2.388380000000000000e+05 2.913870000000000311e-14
3.098680000000000000e+05 1.636190000000000107e-14
4.020200000000000000e+05 6.638549999999999769e-15
5.215790000000000000e+05 3.059169999999999970e-15
6.766940000000000000e+05 1.490629999999999927e-15
8.779380000000000000e+05 7.184569999999999912e-16
