3.417099999999999937e+01 2.205000000000000064e-06
4.433319999999999794e+01 1.193739999999999941e-06
5.751769999999999783e+01 6.535980000000000270e-07
7.462309999999999377e+01 3.314639999999999828e-07
9.681550000000000011e+01 1.543500000000000024e-07
1.256080000000000041e+02 7.884439999999999628e-08
1.629629999999999939e+02 4.354340000000000330e-08
2.114269999999999925e+02 2.271579999999999884e-08
2.743050000000000068e+02 1.134690000000000018e-08
3.558809999999999718e+02 5.888919999999999967e-09
4.617180000000000177e+02 3.172569999999999933e-09
5.990299999999999727e+02 1.605520000000000056e-09
7.771789999999999736e+02 7.732920000000000424e-10
1.008309999999999945e+03 3.690679999999999812e-10
1.308170000000000073e+03 1.713890000000000065e-10
1.697210000000000036e+03 8.338330000000000559e-11
2.201960000000000036e+03 4.095650000000000224e-11
2.856809999999999945e+03 2.375889999999999886e-11
3.706400000000000091e+03 1.640609999999999893e-11
4.808670000000000073e+03 1.062559999999999948e-11
6.238739999999999782e+03 6.705600000000000023e-12
8.094100000000000364e+03 4.222310000000000009e-12
1.050120000000000073e+04 2.662340000000000145e-12
1.362420000000000073e+04 1.597219999999999933e-12
1.767600000000000000e+04 8.924509999999999703e-13
2.293279999999999927e+04 5.677509999999999504e-13
2.975279999999999927e+04 4.111739999999999906e-13
3.860119999999999709e+04 2.699630000000000080e-13
5.008090000000000146e+04 1.637590000000000043e-13
6.497469999999999709e+04 1.047250000000000031e-13
8.429780000000000291e+04 6.762039999999999730e-14
1.093670000000000000e+05 4.989070000000000268e-14
1.418930000000000000e+05 4.419910000000000147e-14
1.840910000000000000e+05 3.089140000000000179e-14
2.388380000000000000e+05 1.818880000000000084e-14
3.098680000000000000e+05 9.191460000000000462e-15
4.020200000000000000e+05 3.766310000000000255e-15
5.215790000000000000e+05 1.848309999999999854e-15
6.766940000000000000e+05 1.027839999999999954e-15
8.779380000000000000e+05 5.582929999999999982e-16
