3.417099999999999937e+01 1.612779999999999914e-06
4.433319999999999794e+01 8.887140000000000262e-07
5.751769999999999783e+01 4.859710000000000309e-07
7.462309999999999377e+01 2.596309999999999775e-07
9.681550000000000011e+01 1.392290000000000088e-07
1.256080000000000041e+02 7.491320000000000141e-08
1.629629999999999939e+02 3.952300000000000259e-08
2.114269999999999925e+02 2.032629999999999918e-08
2.743050000000000068e+02 1.054150000000000046e-08
3.558809999999999718e+02 5.443449999999999850e-09
4.617180000000000177e+02 2.681669999999999902e-09
5.990299999999999727e+02 1.335039999999999972e-09
7.771789999999999736e+02 6.808290000000000071e-10
1.008309999999999945e+03 3.678130000000000202e-10
1.308170000000000073e+03 2.033799999999999998e-10
1.697210000000000036e+03 1.067440000000000064e-10
2.201960000000000036e+03 5.545949999999999729e-11
2.856809999999999945e+03 3.411439999999999931e-11
3.706400000000000091e+03 2.192899999999999996e-11
4.808670000000000073e+03 1.321110000000000053e-11
6.238739999999999782e+03 7.963789999999999532e-12
8.094100000000000364e+03 4.899129999999999947e-12
1.050120000000000073e+04 2.777579999999999964e-12
1.362420000000000073e+04 1.558380000000000070e-12
1.767600000000000000e+04 8.869230000000000367e-13
2.293279999999999927e+04 4.805219999999999996e-13
2.975279999999999927e+04 2.652349999999999800e-13
3.860119999999999709e+04 1.511419999999999935e-13
5.008090000000000146e+04 7.387030000000000130e-14
6.497469999999999709e+04 3.376020000000000139e-14
8.429780000000000291e+04 1.628200000000000070e-14
1.093670000000000000e+05 7.058179999999999845e-15
1.418930000000000000e+05 2.517620000000000074e-15
1.840910000000000000e+05 1.114169999999999919e-15
2.720450000000000000e+05 4.576670000000000469e-16
4.579140000000000000e+05 1.504889999999999886e-16
7.707760000000000000e+05 5.377230000000000160e-17
