3.417099999999999937e+01 1.446509999999999895e-06
4.433319999999999794e+01 7.857079999999999573e-07
5.751769999999999783e+01 4.260269999999999806e-07
7.462309999999999377e+01 2.284650000000000013e-07
9.681550000000000011e+01 1.234089999999999902e-07
1.256080000000000041e+02 7.024389999999999811e-08
1.629629999999999939e+02 3.976109999999999994e-08
2.114269999999999925e+02 2.057960000000000119e-08
2.743050000000000068e+02 1.051430000000000039e-08
3.558809999999999718e+02 5.563899999999999781e-09
4.617180000000000177e+02 2.874019999999999966e-09
5.990299999999999727e+02 1.397190000000000011e-09
7.771789999999999736e+02 6.669110000000000351e-10
1.008309999999999945e+03 3.212440000000000024e-10
1.308170000000000073e+03 1.565139999999999933e-10
1.697210000000000036e+03 7.367860000000000394e-11
2.201960000000000036e+03 3.577679999999999918e-11
2.856809999999999945e+03 2.118150000000000138e-11
3.706400000000000091e+03 1.578829999999999887e-11
4.808670000000000073e+03 9.888910000000000118e-12
6.238739999999999782e+03 5.794100000000000121e-12
8.094100000000000364e+03 4.010109999999999762e-12
1.050120000000000073e+04 2.230290000000000183e-12
1.362420000000000073e+04 1.323939999999999910e-12
1.767600000000000000e+04 7.929599999999999856e-13
2.293279999999999927e+04 4.293459999999999964e-13
2.975279999999999927e+04 2.633989999999999967e-13
3.860119999999999709e+04 1.507569999999999906e-13
5.008090000000000146e+04 7.447690000000000449e-14
6.497469999999999709e+04 3.384800000000000254e-14
8.429780000000000291e+04 1.557010000000000110e-14
1.093670000000000000e+05 7.809280000000000552e-15
1.418930000000000000e+05 3.971609999999999863e-15
1.840910000000000000e+05 1.804789999999999888e-15
2.388380000000000000e+05 7.908239999999999699e-16
3.098680000000000000e+05 4.358350000000000109e-16
4.020200000000000000e+05 2.954480000000000136e-16
5.215790000000000000e+05 1.779600000000000114e-16
6.766940000000000000e+05 9.851620000000000277e-17
8.779380000000000000e+05 5.539070000000000217e-17
