3.417099999999999937e+01 2.311450000000000121e-06
4.433319999999999794e+01 1.097249999999999955e-06
5.751769999999999783e+01 5.162660000000000517e-07
7.462309999999999377e+01 2.572629999999999922e-07
9.681550000000000011e+01 1.361809999999999937e-07
1.256080000000000041e+02 7.876870000000000573e-08
1.629629999999999939e+02 4.739120000000000153e-08
2.114269999999999925e+02 2.520399999999999858e-08
2.743050000000000068e+02 1.287190000000000060e-08
3.558809999999999718e+02 6.604860000000000289e-09
4.617180000000000177e+02 3.249020000000000016e-09
5.990299999999999727e+02 1.567369999999999934e-09
7.771789999999999736e+02 7.467250000000000244e-10
1.008309999999999945e+03 3.570430000000000150e-10
1.308170000000000073e+03 1.885460000000000022e-10
1.697210000000000036e+03 9.945900000000000262e-11
2.201960000000000036e+03 4.929739999999999874e-11
2.856809999999999945e+03 2.734580000000000006e-11
3.706400000000000091e+03 1.980630000000000053e-11
4.808670000000000073e+03 1.339260000000000011e-11
6.238739999999999782e+03 7.873310000000000507e-12
8.094100000000000364e+03 5.168329999999999648e-12
1.050120000000000073e+04 2.958599999999999934e-12
1.362420000000000073e+04 1.707580000000000081e-12
1.767600000000000000e+04 9.871390000000000007e-13
2.293279999999999927e+04 5.531729999999999695e-13
2.975279999999999927e+04 3.415790000000000231e-13
3.860119999999999709e+04 1.905399999999999888e-13
5.008090000000000146e+04 9.290840000000000274e-14
6.497469999999999709e+04 4.798400000000000031e-14
8.429780000000000291e+04 2.710549999999999997e-14
1.093670000000000000e+05 1.418440000000000069e-14
1.418930000000000000e+05 7.144720000000000655e-15
1.840910000000000000e+05 4.154079999999999848e-15
2.388380000000000000e+05 2.644770000000000178e-15
3.098680000000000000e+05 1.537079999999999922e-15
4.020200000000000000e+05 8.468109999999999663e-16
5.215790000000000000e+05 5.469289999999999777e-16
6.766940000000000000e+05 4.021340000000000082e-16
8.779380000000000000e+05 2.891640000000000184e-16
