3.417099999999999937e+01 1.940060000000000023e-06
4.433319999999999794e+01 1.034350000000000100e-06
5.751769999999999783e+01 5.480280000000000154e-07
7.462309999999999377e+01 2.897239999999999810e-07
9.681550000000000011e+01 1.557709999999999990e-07
1.256080000000000041e+02 8.538279999999999347e-08
1.629629999999999939e+02 4.693960000000000032e-08
2.114269999999999925e+02 2.422859999999999965e-08
2.743050000000000068e+02 1.225040000000000063e-08
3.558809999999999718e+02 6.423619999999999786e-09
4.617180000000000177e+02 3.336030000000000111e-09
5.990299999999999727e+02 1.735160000000000034e-09
7.771789999999999736e+02 9.318720000000000262e-10
1.008309999999999945e+03 5.316219999999999867e-10
1.308170000000000073e+03 3.034540000000000049e-10
1.697210000000000036e+03 1.588279999999999917e-10
2.201960000000000036e+03 8.493749999999999750e-11
2.856809999999999945e+03 4.892080000000000052e-11
3.706400000000000091e+03 3.138120000000000042e-11
4.808670000000000073e+03 2.008459999999999946e-11
6.238739999999999782e+03 1.188119999999999990e-11
8.094100000000000364e+03 7.359219999999999817e-12
1.050120000000000073e+04 4.140609999999999661e-12
1.362420000000000073e+04 2.287300000000000159e-12
1.767600000000000000e+04 1.263450000000000034e-12
2.293279999999999927e+04 6.267780000000000380e-13
2.975279999999999927e+04 3.366959999999999822e-13
3.860119999999999709e+04 1.946829999999999995e-13
5.008090000000000146e+04 1.005049999999999968e-13
6.497469999999999709e+04 4.794179999999999975e-14
8.429780000000000291e+04 2.512869999999999987e-14
1.093670000000000000e+05 1.233969999999999973e-14
1.418930000000000000e+05 4.456919999999999855e-15
1.840910000000000000e+05 2.023810000000000043e-15
2.720450000000000000e+05 9.542179999999999187e-16
4.579140000000000000e+05 1.381540000000000061e-16
7.707760000000000000e+05 1.248929999999999963e-16
