3.417099999999999937e+01 5.739799999999999662e-06
4.433319999999999794e+01 2.634819999999999873e-06
5.751769999999999783e+01 1.209540000000000070e-06
7.462309999999999377e+01 5.416720000000000080e-07
9.681550000000000011e+01 2.365299999999999878e-07
1.256080000000000041e+02 1.198119999999999879e-07
1.629629999999999939e+02 6.568259999999999815e-08
2.114269999999999925e+02 3.333409999999999804e-08
2.743050000000000068e+02 1.679190000000000030e-08
3.558809999999999718e+02 8.596439999999999320e-09
4.617180000000000177e+02 4.425940000000000124e-09
5.990299999999999727e+02 2.336930000000000118e-09
7.771789999999999736e+02 1.234620000000000023e-09
1.008309999999999945e+03 6.063999999999999946e-10
1.308170000000000073e+03 2.931990000000000232e-10
1.697210000000000036e+03 1.536369999999999990e-10
2.201960000000000036e+03 8.332490000000000091e-11
2.856809999999999945e+03 4.922070000000000251e-11
3.706400000000000091e+03 2.900510000000000048e-11
4.808670000000000073e+03 1.640490000000000091e-11
6.238739999999999782e+03 9.872740000000000602e-12
8.094100000000000364e+03 6.250400000000000105e-12
1.050120000000000073e+04 3.503889999999999926e-12
1.362420000000000073e+04 2.028659999999999961e-12
1.767600000000000000e+04 1.187709999999999995e-12
2.293279999999999927e+04 6.470629999999999864e-13
2.975279999999999927e+04 3.737929999999999805e-13
3.860119999999999709e+04 2.249549999999999992e-13
5.008090000000000146e+04 1.192910000000000114e-13
6.497469999999999709e+04 6.086269999999999874e-14
8.429780000000000291e+04 3.465619999999999701e-14
1.093670000000000000e+05 2.148189999999999907e-14
1.418930000000000000e+05 1.209410000000000063e-14
1.840910000000000000e+05 6.668799999999999816e-15
2.388380000000000000e+05 4.503060000000000246e-15
3.098680000000000000e+05 2.540500000000000162e-15
4.020200000000000000e+05 1.147529999999999933e-15
5.215790000000000000e+05 6.453500000000000243e-16
6.766940000000000000e+05 4.265400000000000245e-16
8.779380000000000000e+05 2.739039999999999933e-16
