3.368030000000000257e+01 3.338510000000000160e-06 6.093480000000000345e-09
4.245060000000000144e+01 1.547189999999999920e-06 1.698710000000000020e-09
5.350469999999999970e+01 7.121110000000000164e-07 1.275190000000000019e-09
6.743739999999999668e+01 3.444539999999999952e-07 6.294230000000000091e-10
8.499809999999999377e+01 1.612089999999999978e-07 4.354279999999999981e-10
1.071320000000000050e+02 1.116849999999999972e-07 2.188639999999999899e-10
1.350289999999999964e+02 7.877659999999999616e-08 1.895029999999999917e-10
1.701899999999999977e+02 4.692669999999999761e-08 8.735319999999999981e-11
2.145080000000000098e+02 2.861540000000000026e-08 7.567120000000000335e-11
2.703650000000000091e+02 1.686139999999999970e-08 3.507359999999999870e-11
3.407690000000000055e+02 9.945759999999999784e-09 2.616159999999999952e-11
4.295049999999999955e+02 5.676409999999999840e-09 1.495859999999999889e-11
5.413479999999999563e+02 3.244190000000000147e-09 1.043079999999999954e-11
6.823150000000000546e+02 1.820300000000000011e-09 6.805459999999999963e-12
8.599900000000000091e+02 1.040550000000000093e-09 4.358819999999999798e-12
1.083930000000000064e+03 6.104719999999999780e-10 3.121860000000000190e-12
1.366190000000000055e+03 3.472270000000000253e-10 1.797680000000000071e-12
1.721940000000000055e+03 1.923049999999999889e-10 1.323030000000000069e-12
2.170340000000000146e+03 1.129669999999999988e-10 7.112220000000000163e-13
2.735489999999999782e+03 6.724360000000000238e-11 5.970450000000000071e-13
3.447809999999999945e+03 4.086260000000000321e-11 3.006830000000000023e-13
4.345619999999999891e+03 2.450759999999999869e-11 2.705929999999999760e-13
5.477229999999999563e+03 1.603620000000000068e-11 1.372400000000000039e-13
6.903500000000000000e+03 1.046450000000000009e-11 1.316870000000000022e-13
8.701170000000000073e+03 6.289299999999999868e-12 6.648709999999999445e-14
1.096700000000000000e+04 3.831719999999999752e-12 5.640090000000000028e-14
1.382270000000000073e+04 2.255499999999999830e-12 2.856630000000000193e-14
1.742220000000000073e+04 1.353819999999999981e-12 2.544860000000000099e-14
2.195890000000000146e+04 7.440970000000000150e-13 1.212740000000000060e-14
2.767700000000000000e+04 4.109359999999999769e-13 9.520070000000000096e-15
3.488409999999999854e+04 2.368379999999999850e-13 5.858899999999999810e-15
4.396800000000000000e+04 1.436640000000000026e-13 3.657880000000000187e-15
5.541719999999999709e+04 8.790060000000000211e-14 3.337330000000000135e-15
6.984789999999999418e+04 4.772570000000000004e-14 1.558819999999999956e-15
8.803630000000000291e+04 2.627549999999999871e-14 1.293390000000000098e-15
1.109610000000000000e+05 1.527060000000000008e-14 7.135519999999999638e-16
1.398550000000000000e+05 9.059110000000000589e-15 4.194310000000000110e-16
1.762730000000000000e+05 5.301950000000000098e-15 3.312640000000000024e-16
2.221750000000000000e+05 3.309970000000000022e-15 2.007280000000000000e-16
2.800290000000000000e+05 2.106439999999999968e-15 1.149579999999999887e-16
3.529490000000000000e+05 1.335770000000000010e-15 7.875069999999999497e-17
4.448570000000000000e+05 8.476159999999999863e-16 6.094349999999999623e-17
5.606980000000000000e+05 5.377920000000000424e-16 4.828149999999999997e-17
7.067040000000000000e+05 3.412230000000000031e-16 3.760730000000000172e-17
8.907290000000000000e+05 2.165020000000000025e-16 2.858349999999999894e-17
1.000000000000000000e+06 1.724538763225045648e-16 0.000000000000000000e+00
2.000000000000000000e+06 4.414841961145136926e-17 0.000000000000000000e+00
3.000000000000000000e+06 1.989569157206922133e-17 0.000000000000000000e+00
