3.417099999999999937e+01 5.912379999999999795e-06
4.433319999999999794e+01 3.074069999999999945e-06
5.751769999999999783e+01 1.623250000000000086e-06
7.462309999999999377e+01 7.611249999999999548e-07
9.681550000000000011e+01 3.193000000000000070e-07
1.256080000000000041e+02 1.683239999999999924e-07
1.629629999999999939e+02 1.003879999999999987e-07
2.114269999999999925e+02 5.181209999999999978e-08
2.743050000000000068e+02 2.517769999999999920e-08
3.558809999999999718e+02 1.287410000000000045e-08
4.617180000000000177e+02 6.795780000000000287e-09
5.990299999999999727e+02 3.594550000000000165e-09
7.771789999999999736e+02 1.910630000000000050e-09
1.008309999999999945e+03 9.474220000000000397e-10
1.308170000000000073e+03 4.367959999999999979e-10
1.697210000000000036e+03 2.048529999999999956e-10
2.201960000000000036e+03 1.127940000000000010e-10
2.856809999999999945e+03 6.371960000000000245e-11
3.706400000000000091e+03 3.398120000000000307e-11
4.808670000000000073e+03 1.834049999999999925e-11
6.238739999999999782e+03 1.050169999999999997e-11
8.094100000000000364e+03 6.615820000000000379e-12
1.050120000000000073e+04 3.750469999999999871e-12
1.362420000000000073e+04 2.228309999999999822e-12
1.767600000000000000e+04 1.339220000000000023e-12
2.293279999999999927e+04 7.786019999999999775e-13
2.975279999999999927e+04 5.025640000000000182e-13
3.860119999999999709e+04 3.286940000000000230e-13
5.008090000000000146e+04 1.986199999999999908e-13
6.497469999999999709e+04 1.213750000000000003e-13
8.429780000000000291e+04 8.180000000000000233e-14
1.093670000000000000e+05 6.870829999999999512e-14
1.418930000000000000e+05 6.705919999999999915e-14
1.840910000000000000e+05 4.838059999999999733e-14
2.388380000000000000e+05 3.332440000000000010e-14
3.098680000000000000e+05 1.964670000000000112e-14
4.020200000000000000e+05 8.720869999999999258e-15
5.215790000000000000e+05 4.257790000000000108e-15
6.766940000000000000e+05 2.190350000000000182e-15
8.779380000000000000e+05 1.115549999999999954e-15
