3.417099999999999937e+01 5.236350000000000272e-06
4.433319999999999794e+01 2.515400000000000091e-06
5.751769999999999783e+01 1.230019999999999999e-06
7.462309999999999377e+01 5.390910000000000195e-07
9.681550000000000011e+01 2.073460000000000092e-07
1.256080000000000041e+02 1.028269999999999982e-07
1.629629999999999939e+02 5.919120000000000132e-08
2.114269999999999925e+02 3.042379999999999745e-08
2.743050000000000068e+02 1.540180000000000031e-08
3.558809999999999718e+02 8.030259999999999937e-09
4.617180000000000177e+02 4.173480000000000357e-09
5.990299999999999727e+02 2.158890000000000183e-09
7.771789999999999736e+02 1.136830000000000095e-09
1.008309999999999945e+03 5.658139999999999654e-10
1.308170000000000073e+03 2.802710000000000137e-10
1.697210000000000036e+03 1.442750000000000007e-10
2.201960000000000036e+03 6.874880000000000045e-11
2.856809999999999945e+03 3.855279999999999947e-11
3.706400000000000091e+03 2.680919999999999930e-11
4.808670000000000073e+03 1.625790000000000002e-11
6.238739999999999782e+03 9.780649999999999527e-12
8.094100000000000364e+03 6.768919999999999798e-12
1.050120000000000073e+04 3.839840000000000327e-12
1.362420000000000073e+04 2.261219999999999931e-12
1.767600000000000000e+04 1.350080000000000039e-12
2.293279999999999927e+04 7.870480000000000205e-13
2.975279999999999927e+04 5.333750000000000371e-13
3.860119999999999709e+04 3.770929999999999766e-13
5.008090000000000146e+04 2.398970000000000026e-13
6.497469999999999709e+04 1.480929999999999931e-13
8.429780000000000291e+04 1.019279999999999949e-13
1.093670000000000000e+05 8.012280000000000419e-14
1.418930000000000000e+05 6.785130000000000190e-14
1.840910000000000000e+05 4.611599999999999757e-14
2.388380000000000000e+05 2.933449999999999734e-14
3.098680000000000000e+05 1.498360000000000153e-14
4.020200000000000000e+05 5.802940000000000376e-15
5.215790000000000000e+05 2.666450000000000168e-15
6.766940000000000000e+05 1.348440000000000076e-15
8.779380000000000000e+05 6.693960000000000209e-16
