3.417099999999999937e+01 8.221730000000000393e-07
4.433319999999999794e+01 5.537369999999999509e-07
5.751769999999999783e+01 3.786340000000000009e-07
7.462309999999999377e+01 2.254899999999999896e-07
9.681550000000000011e+01 1.220480000000000087e-07
1.256080000000000041e+02 7.089850000000000451e-08
1.629629999999999939e+02 3.977840000000000235e-08
2.114269999999999925e+02 2.182260000000000113e-08
2.743050000000000068e+02 1.224419999999999955e-08
3.558809999999999718e+02 6.521210000000000066e-09
4.617180000000000177e+02 3.295849999999999946e-09
5.990299999999999727e+02 1.637499999999999980e-09
7.771789999999999736e+02 8.238719999999999856e-10
1.008309999999999945e+03 5.036880000000000292e-10
1.308170000000000073e+03 3.215720000000000244e-10
1.697210000000000036e+03 1.548629999999999955e-10
2.201960000000000036e+03 7.083249999999999812e-11
2.856809999999999945e+03 3.812029999999999863e-11
3.706400000000000091e+03 2.399819999999999926e-11
4.808670000000000073e+03 1.328130000000000077e-11
6.238739999999999782e+03 7.441819999999999485e-12
8.094100000000000364e+03 4.984059999999999666e-12
1.050120000000000073e+04 2.660420000000000088e-12
1.362420000000000073e+04 1.483270000000000000e-12
1.767600000000000000e+04 8.471310000000000180e-13
2.293279999999999927e+04 4.362600000000000010e-13
2.975279999999999927e+04 2.563730000000000123e-13
3.860119999999999709e+04 1.409920000000000065e-13
5.008090000000000146e+04 6.219790000000000198e-14
6.497469999999999709e+04 3.011600000000000264e-14
8.429780000000000291e+04 1.764389999999999942e-14
1.093670000000000000e+05 8.472410000000000739e-15
1.418930000000000000e+05 3.323509999999999844e-15
1.840910000000000000e+05 1.459979999999999912e-15
2.720450000000000000e+05 3.264569999999999817e-16
4.579140000000000000e+05 1.728370000000000118e-16
7.707760000000000000e+05 5.699289999999999816e-17
