3.417099999999999937e+01 9.073320000000000146e-07
4.433319999999999794e+01 5.949510000000000446e-07
5.751769999999999783e+01 3.952300000000000259e-07
7.462309999999999377e+01 2.413570000000000085e-07
9.681550000000000011e+01 1.350569999999999897e-07
1.256080000000000041e+02 7.725249999999999643e-08
1.629629999999999939e+02 4.326730000000000257e-08
2.114269999999999925e+02 2.203310000000000160e-08
2.743050000000000068e+02 1.090380000000000033e-08
3.558809999999999718e+02 5.758670000000000340e-09
4.617180000000000177e+02 3.021120000000000006e-09
5.990299999999999727e+02 1.483830000000000034e-09
7.771789999999999736e+02 7.385619999999999979e-10
1.008309999999999945e+03 3.905030000000000214e-10
1.308170000000000073e+03 2.068280000000000069e-10
1.697210000000000036e+03 1.047230000000000012e-10
2.201960000000000036e+03 4.895330000000000144e-11
2.856809999999999945e+03 2.892480000000000050e-11
3.706400000000000091e+03 2.118719999999999922e-11
4.808670000000000073e+03 1.364069999999999942e-11
6.238739999999999782e+03 8.157310000000000509e-12
8.094100000000000364e+03 5.095299999999999907e-12
1.050120000000000073e+04 2.873499999999999822e-12
1.362420000000000073e+04 1.662169999999999975e-12
1.767600000000000000e+04 9.646830000000000002e-13
2.293279999999999927e+04 5.141280000000000081e-13
2.975279999999999927e+04 2.895590000000000085e-13
3.860119999999999709e+04 1.669950000000000119e-13
5.008090000000000146e+04 8.128299999999999807e-14
6.497469999999999709e+04 3.938869999999999730e-14
8.429780000000000291e+04 2.166860000000000031e-14
1.093670000000000000e+05 1.123709999999999952e-14
1.418930000000000000e+05 5.148950000000000176e-15
1.840910000000000000e+05 2.169109999999999860e-15
2.720450000000000000e+05 5.458479999999999508e-16
4.579140000000000000e+05 1.276089999999999995e-16
7.707760000000000000e+05 1.093060000000000006e-16
