3.368030000000000257e+01 1.243900000000000067e-06 7.354099999999999658e-09
4.245060000000000144e+01 7.013919999999999586e-07 2.470870000000000175e-09
5.350469999999999970e+01 3.942960000000000256e-07 1.700559999999999967e-09
6.743739999999999668e+01 2.262300000000000081e-07 9.153820000000000139e-10
8.499809999999999377e+01 1.285830000000000073e-07 6.071740000000000169e-10
1.071320000000000050e+02 8.334420000000000590e-08 2.871300000000000207e-10
1.350289999999999964e+02 5.462380000000000239e-08 2.346349999999999864e-10
1.701899999999999977e+02 3.275269999999999920e-08 1.083989999999999997e-10
2.145080000000000098e+02 1.986359999999999994e-08 9.305940000000000230e-11
2.703650000000000091e+02 1.203189999999999937e-08 4.083519999999999951e-11
3.407690000000000055e+02 7.262510000000000391e-09 2.986010000000000037e-11
4.295049999999999955e+02 4.303370000000000206e-09 1.649720000000000043e-11
5.413479999999999563e+02 2.520659999999999855e-09 1.157719999999999958e-11
6.823150000000000546e+02 1.406049999999999916e-09 7.241439999999999889e-12
8.599900000000000091e+02 8.112129999999999572e-10 4.639780000000000249e-12
1.083930000000000064e+03 4.911479999999999877e-10 3.322449999999999843e-12
1.366190000000000055e+03 2.727510000000000231e-10 1.884849999999999991e-12
1.721940000000000055e+03 1.407830000000000038e-10 1.340479999999999959e-12
2.170340000000000146e+03 8.330509999999999650e-11 7.208960000000000011e-13
2.735489999999999782e+03 5.153170000000000104e-11 6.179570000000000093e-13
3.447809999999999945e+03 3.050840000000000034e-11 3.040079999999999906e-13
4.345619999999999891e+03 1.794310000000000096e-11 2.691360000000000156e-13
5.477229999999999563e+03 1.110509999999999960e-11 1.335110000000000003e-13
6.903500000000000000e+03 6.854069999999999692e-12 1.241549999999999895e-13
8.701170000000000073e+03 4.065039999999999812e-12 6.316299999999999551e-14
1.096700000000000000e+04 2.426080000000000099e-12 5.292590000000000120e-14
1.382270000000000073e+04 1.418690000000000087e-12 2.687189999999999870e-14
1.742220000000000073e+04 8.355149999999999997e-13 2.360530000000000040e-14
2.195890000000000146e+04 4.811659999999999714e-13 1.172139999999999992e-14
2.767700000000000000e+04 2.791450000000000187e-13 9.606050000000000756e-15
3.488409999999999854e+04 1.571460000000000051e-13 5.849189999999999895e-15
4.396800000000000000e+04 8.534839999999999507e-14 3.616540000000000190e-15
5.541719999999999709e+04 4.678440000000000031e-14 3.038659999999999958e-15
6.984789999999999418e+04 2.520919999999999950e-14 1.527609999999999987e-15
8.803630000000000291e+04 1.382910000000000062e-14 1.333420000000000080e-15
1.109610000000000000e+05 6.855019999999999912e-15 6.865829999999999588e-16
1.398550000000000000e+05 3.273949999999999882e-15 4.423140000000000024e-16
1.762730000000000000e+05 1.648800000000000089e-15 3.318659999999999873e-16
2.221750000000000000e+05 5.946539999999999791e-16 1.796529999999999977e-16
2.800290000000000000e+05 1.962159999999999919e-16 1.165389999999999990e-16
3.529490000000000000e+05 6.604189999999999985e-17 6.103529999999999754e-17
4.448570000000000000e+05 2.212939999999999874e-17 2.795139999999999750e-17
5.606980000000000000e+05 7.422610000000000596e-18 1.191449999999999927e-17
7.067040000000000000e+05 2.489109999999999846e-18 4.850639999999999945e-18
8.907290000000000000e+05 8.347449999999999636e-19 1.914190000000000058e-18
1.000000000000000000e+06 4.834002492228039114e-19 0.000000000000000000e+00
2.000000000000000000e+06 1.833026901798491604e-20 0.000000000000000000e+00
3.000000000000000000e+06 2.703064333915258382e-21 0.000000000000000000e+00
