3.417099999999999937e+01 5.328990000000000286e-06
4.433319999999999794e+01 2.950180000000000018e-06
5.751769999999999783e+01 1.680319999999999948e-06
7.462309999999999377e+01 7.603899999999999949e-07
9.681550000000000011e+01 2.770140000000000213e-07
1.256080000000000041e+02 1.392700000000000023e-07
1.629629999999999939e+02 8.486569999999999739e-08
2.114269999999999925e+02 4.539080000000000170e-08
2.743050000000000068e+02 2.347740000000000084e-08
3.558809999999999718e+02 1.223449999999999947e-08
4.617180000000000177e+02 6.271890000000000352e-09
5.990299999999999727e+02 3.341980000000000075e-09
7.771789999999999736e+02 1.799349999999999995e-09
1.008309999999999945e+03 9.029979999999999665e-10
1.308170000000000073e+03 4.574620000000000070e-10
1.697210000000000036e+03 2.339990000000000105e-10
2.201960000000000036e+03 1.223579999999999873e-10
2.856809999999999945e+03 6.351039999999999401e-11
3.706400000000000091e+03 3.408359999999999747e-11
4.808670000000000073e+03 1.908430000000000099e-11
6.238739999999999782e+03 1.147309999999999965e-11
8.094100000000000364e+03 7.401079999999999802e-12
1.050120000000000073e+04 4.096620000000000370e-12
1.362420000000000073e+04 2.433169999999999819e-12
1.767600000000000000e+04 1.391460000000000010e-12
2.293279999999999927e+04 8.053870000000000497e-13
2.975279999999999927e+04 5.825359999999999727e-13
3.860119999999999709e+04 3.887600000000000015e-13
5.008090000000000146e+04 2.171109999999999924e-13
6.497469999999999709e+04 1.328050000000000082e-13
8.429780000000000291e+04 9.175339999999999403e-14
1.093670000000000000e+05 7.187070000000000091e-14
1.418930000000000000e+05 7.024510000000000226e-14
1.840910000000000000e+05 5.356900000000000252e-14
2.388380000000000000e+05 3.382099999999999796e-14
3.098680000000000000e+05 1.959870000000000034e-14
4.020200000000000000e+05 9.816480000000000509e-15
5.215790000000000000e+05 5.133860000000000162e-15
6.766940000000000000e+05 2.712369999999999936e-15
8.779380000000000000e+05 1.430219999999999996e-15
