3.368030000000000257e+01 1.249079999999999906e-06 5.459560000000000118e-09
4.245060000000000144e+01 6.652419999999999955e-07 1.738639999999999902e-09
5.350469999999999970e+01 3.505239999999999960e-07 1.272429999999999917e-09
6.743739999999999668e+01 1.987679999999999969e-07 6.909070000000000213e-10
8.499809999999999377e+01 1.143339999999999966e-07 4.909720000000000288e-10
1.071320000000000050e+02 7.928639999999999454e-08 2.452719999999999881e-10
1.350289999999999964e+02 5.665660000000000058e-08 2.125740000000000044e-10
1.701899999999999977e+02 3.302530000000000258e-08 9.709279999999999842e-11
2.145080000000000098e+02 1.973619999999999974e-08 8.315600000000000473e-11
2.703650000000000091e+02 1.200240000000000066e-08 3.610190000000000150e-11
3.407690000000000055e+02 7.270920000000000365e-09 2.626419999999999950e-11
4.295049999999999955e+02 4.421589999999999824e-09 1.469679999999999933e-11
5.413479999999999563e+02 2.628519999999999935e-09 1.044850000000000016e-11
6.823150000000000546e+02 1.461410000000000023e-09 6.613130000000000115e-12
8.599900000000000091e+02 8.393809999999999576e-10 4.231719999999999663e-12
1.083930000000000064e+03 4.970810000000000126e-10 2.993430000000000100e-12
1.366190000000000055e+03 2.856470000000000167e-10 1.738929999999999942e-12
1.721940000000000055e+03 1.612730000000000024e-10 1.304700000000000085e-12
2.170340000000000146e+03 9.226910000000000556e-11 6.946650000000000495e-13
2.735489999999999782e+03 5.229649999999999875e-11 5.742679999999999922e-13
3.447809999999999945e+03 3.192380000000000095e-11 2.917580000000000176e-13
4.345619999999999891e+03 1.951870000000000002e-11 2.688410000000000154e-13
5.477229999999999563e+03 1.181539999999999992e-11 1.325480000000000073e-13
6.903500000000000000e+03 7.205410000000000092e-12 1.231009999999999972e-13
8.701170000000000073e+03 4.163900000000000059e-12 6.290300000000000470e-14
1.096700000000000000e+04 2.431100000000000011e-12 5.214290000000000090e-14
1.382270000000000073e+04 1.416519999999999905e-12 2.658530000000000070e-14
1.742220000000000073e+04 8.283250000000000071e-13 2.328460000000000132e-14
2.195890000000000146e+04 4.740660000000000320e-13 1.137069999999999996e-14
2.767700000000000000e+04 2.730470000000000178e-13 9.139999999999999424e-15
3.488409999999999854e+04 1.534709999999999980e-13 5.532889999999999863e-15
4.396800000000000000e+04 8.359720000000000401e-14 3.348810000000000077e-15
5.541719999999999709e+04 4.648509999999999799e-14 2.837209999999999810e-15
6.984789999999999418e+04 2.336289999999999946e-14 1.388989999999999916e-15
8.803630000000000291e+04 1.215100000000000043e-14 1.176910000000000028e-15
1.109610000000000000e+05 5.678939999999999939e-15 6.081349999999999707e-16
1.398550000000000000e+05 2.559709999999999936e-15 4.176450000000000052e-16
1.762730000000000000e+05 1.213120000000000078e-15 3.015220000000000015e-16
2.221750000000000000e+05 4.175289999999999852e-16 1.479380000000000089e-16
2.800290000000000000e+05 1.321210000000000075e-16 8.907930000000000024e-17
3.529490000000000000e+05 4.260869999999999731e-17 4.449490000000000196e-17
4.448570000000000000e+05 1.368210000000000056e-17 1.950970000000000027e-17
5.606980000000000000e+05 4.397760000000000086e-18 7.968279999999999943e-18
7.067040000000000000e+05 1.413229999999999913e-18 3.108960000000000057e-18
8.907290000000000000e+05 4.541699999999999684e-19 1.175849999999999987e-18
1.000000000000000000e+06 2.574656797025927078e-19 0.000000000000000000e+00
2.000000000000000000e+06 8.593297824997009739e-21 0.000000000000000000e+00
3.000000000000000000e+06 1.176055823625734437e-21 0.000000000000000000e+00
