3.417099999999999937e+01 8.637339999999999706e-07
4.433319999999999794e+01 5.901220000000000481e-07
5.751769999999999783e+01 4.082880000000000095e-07
7.462309999999999377e+01 2.434449999999999938e-07
9.681550000000000011e+01 1.303189999999999906e-07
1.256080000000000041e+02 7.267799999999999739e-08
1.629629999999999939e+02 3.968100000000000308e-08
2.114269999999999925e+02 2.093389999999999861e-08
2.743050000000000068e+02 1.117469999999999947e-08
3.558809999999999718e+02 5.982789999999999768e-09
4.617180000000000177e+02 3.067229999999999964e-09
5.990299999999999727e+02 1.554379999999999961e-09
7.771789999999999736e+02 7.989209999999999753e-10
1.008309999999999945e+03 4.389149999999999779e-10
1.308170000000000073e+03 2.482979999999999939e-10
1.697210000000000036e+03 1.312550000000000032e-10
2.201960000000000036e+03 7.118170000000000556e-11
2.856809999999999945e+03 4.044919999999999692e-11
3.706400000000000091e+03 2.392050000000000092e-11
4.808670000000000073e+03 1.459579999999999886e-11
6.238739999999999782e+03 8.800119999999999463e-12
8.094100000000000364e+03 5.227579999999999824e-12
1.050120000000000073e+04 2.858939999999999933e-12
1.362420000000000073e+04 1.645780000000000082e-12
1.767600000000000000e+04 9.530269999999999134e-13
2.293279999999999927e+04 5.142330000000000364e-13
2.975279999999999927e+04 2.770619999999999760e-13
3.860119999999999709e+04 1.472819999999999979e-13
5.008090000000000146e+04 7.440850000000000046e-14
6.497469999999999709e+04 3.688569999999999903e-14
8.429780000000000291e+04 1.830479999999999878e-14
1.093670000000000000e+05 8.319400000000000250e-15
1.418930000000000000e+05 3.726719999999999941e-15
1.840910000000000000e+05 2.177879999999999804e-15
2.720450000000000000e+05 6.624200000000000236e-16
4.579140000000000000e+05 2.212190000000000059e-16
7.707760000000000000e+05 7.883200000000000085e-17
