3.368030000000000257e+01 1.400289999999999895e-06 4.454230000000000241e-09
4.245060000000000144e+01 7.016670000000000322e-07 1.339759999999999931e-09
5.350469999999999970e+01 3.466689999999999923e-07 1.025829999999999962e-09
6.743739999999999668e+01 1.890539999999999934e-07 5.529720000000000215e-10
8.499809999999999377e+01 1.060180000000000034e-07 4.214759999999999929e-10
1.071320000000000050e+02 7.264870000000000122e-08 2.104249999999999997e-10
1.350289999999999964e+02 5.062690000000000185e-08 1.818060000000000079e-10
1.701899999999999977e+02 3.122830000000000310e-08 8.501639999999999709e-11
2.145080000000000098e+02 1.960449999999999863e-08 7.459520000000000106e-11
2.703650000000000091e+02 1.187020000000000064e-08 3.145980000000000131e-11
3.407690000000000055e+02 7.242399999999999723e-09 2.270730000000000039e-11
4.295049999999999955e+02 4.469950000000000265e-09 1.281680000000000007e-11
5.413479999999999563e+02 2.692420000000000097e-09 9.221739999999999438e-12
6.823150000000000546e+02 1.521299999999999906e-09 5.952639999999999968e-12
8.599900000000000091e+02 8.734380000000000189e-10 3.839239999999999704e-12
1.083930000000000064e+03 5.071659999999999834e-10 2.797579999999999879e-12
1.366190000000000055e+03 2.817290000000000101e-10 1.599570000000000019e-12
1.721940000000000055e+03 1.490709999999999911e-10 1.178879999999999920e-12
2.170340000000000146e+03 8.926220000000000067e-11 6.451010000000000196e-13
2.735489999999999782e+03 5.608399999999999730e-11 5.680289999999999821e-13
3.447809999999999945e+03 3.265210000000000220e-11 2.809139999999999983e-13
4.345619999999999891e+03 1.884500000000000058e-11 2.497829999999999869e-13
5.477229999999999563e+03 1.160670000000000062e-11 1.249779999999999952e-13
6.903500000000000000e+03 7.071379999999999702e-12 1.157580000000000102e-13
8.701170000000000073e+03 4.370550000000000193e-12 6.021350000000000389e-14
1.096700000000000000e+04 2.684560000000000024e-12 5.153890000000000292e-14
1.382270000000000073e+04 1.567890000000000098e-12 2.598920000000000035e-14
1.742220000000000073e+04 9.232639999999999320e-13 2.275740000000000017e-14
2.195890000000000146e+04 5.473630000000000174e-13 1.124640000000000068e-14
2.767700000000000000e+04 3.239830000000000141e-13 9.023070000000000106e-15
3.488409999999999854e+04 1.928929999999999890e-13 5.704379999999999816e-15
4.396800000000000000e+04 1.151969999999999887e-13 3.434620000000000184e-15
5.541719999999999709e+04 7.016709999999999745e-14 3.099120000000000156e-15
6.984789999999999418e+04 3.733079999999999831e-14 1.447610000000000068e-15
8.803630000000000291e+04 2.015710000000000089e-14 1.195880000000000018e-15
1.109610000000000000e+05 1.165980000000000065e-14 6.585510000000000390e-16
1.398550000000000000e+05 6.918759999999999642e-15 3.921780000000000097e-16
1.762730000000000000e+05 4.043580000000000124e-15 3.111540000000000069e-16
2.221750000000000000e+05 2.533369999999999985e-15 1.890249999999999999e-16
2.800290000000000000e+05 1.620279999999999973e-15 1.079469999999999942e-16
3.529490000000000000e+05 1.032349999999999903e-15 7.349520000000000009e-17
4.448570000000000000e+05 6.582209999999999922e-16 5.683769999999999763e-17
5.606980000000000000e+05 4.196219999999999878e-16 4.520040000000000178e-17
7.067040000000000000e+05 2.675200000000000063e-16 3.539739999999999933e-17
8.907290000000000000e+05 1.705500000000000054e-16 2.705840000000000079e-17
1.000000000000000000e+06 1.361754144953229456e-16 0.000000000000000000e+00
2.000000000000000000e+06 3.536277011631408643e-17 0.000000000000000000e+00
3.000000000000000000e+06 1.607015498313332013e-17 0.000000000000000000e+00
