3.417099999999999937e+01 2.146979999999999813e-06
4.433319999999999794e+01 1.117219999999999995e-06
5.751769999999999783e+01 5.830509999999999976e-07
7.462309999999999377e+01 3.057030000000000210e-07
9.681550000000000011e+01 1.625129999999999942e-07
1.256080000000000041e+02 8.904920000000000306e-08
1.629629999999999939e+02 4.628940000000000023e-08
2.114269999999999925e+02 2.104500000000000084e-08
2.743050000000000068e+02 9.273669999999999885e-09
3.558809999999999718e+02 4.500860000000000110e-09
4.617180000000000177e+02 2.236270000000000178e-09
5.990299999999999727e+02 1.163900000000000086e-09
7.771789999999999736e+02 5.747520000000000228e-10
1.008309999999999945e+03 2.244880000000000007e-10
1.308170000000000073e+03 9.643180000000000194e-11
1.697210000000000036e+03 4.187260000000000154e-11
2.201960000000000036e+03 1.997099999999999881e-11
2.856809999999999945e+03 1.606130000000000145e-11
3.706400000000000091e+03 1.566689999999999982e-11
4.808670000000000073e+03 1.163109999999999958e-11
6.238739999999999782e+03 7.117889999999999673e-12
8.094100000000000364e+03 4.777759999999999627e-12
1.050120000000000073e+04 2.972470000000000157e-12
1.362420000000000073e+04 1.727729999999999950e-12
1.767600000000000000e+04 9.178169999999999049e-13
2.293279999999999927e+04 4.827989999999999504e-13
2.975279999999999927e+04 2.948329999999999818e-13
3.860119999999999709e+04 1.623070000000000020e-13
5.008090000000000146e+04 8.049999999999999778e-14
6.497469999999999709e+04 3.745189999999999943e-14
8.429780000000000291e+04 1.831569999999999901e-14
1.093670000000000000e+05 9.530390000000000627e-15
1.418930000000000000e+05 3.877629999999999863e-15
1.840910000000000000e+05 1.513319999999999907e-15
2.720450000000000000e+05 3.784610000000000079e-16
4.579140000000000000e+05 1.547230000000000048e-16
7.707760000000000000e+05 5.325500000000000205e-17
