3.417099999999999937e+01 1.190040000000000087e-06
4.433319999999999794e+01 7.308680000000000301e-07
5.751769999999999783e+01 4.512860000000000085e-07
7.462309999999999377e+01 2.564970000000000236e-07
9.681550000000000011e+01 1.383969999999999918e-07
1.256080000000000041e+02 7.667139999999999396e-08
1.629629999999999939e+02 4.120329999999999812e-08
2.114269999999999925e+02 2.053310000000000140e-08
2.743050000000000068e+02 1.028420000000000053e-08
3.558809999999999718e+02 5.426299999999999760e-09
4.617180000000000177e+02 2.782180000000000002e-09
5.990299999999999727e+02 1.399170000000000039e-09
7.771789999999999736e+02 6.980440000000000350e-10
1.008309999999999945e+03 3.537619999999999929e-10
1.308170000000000073e+03 1.924480000000000007e-10
1.697210000000000036e+03 1.017559999999999974e-10
2.201960000000000036e+03 5.429939999999999863e-11
2.856809999999999945e+03 3.374930000000000282e-11
3.706400000000000091e+03 2.305169999999999961e-11
4.808670000000000073e+03 1.455059999999999982e-11
6.238739999999999782e+03 8.564100000000000636e-12
8.094100000000000364e+03 5.321219999999999817e-12
1.050120000000000073e+04 3.000570000000000007e-12
1.362420000000000073e+04 1.677720000000000045e-12
1.767600000000000000e+04 1.005850000000000000e-12
2.293279999999999927e+04 5.621140000000000017e-13
2.975279999999999927e+04 3.069330000000000009e-13
3.860119999999999709e+04 1.732269999999999948e-13
5.008090000000000146e+04 9.051430000000000590e-14
6.497469999999999709e+04 4.510580000000000178e-14
8.429780000000000291e+04 2.190660000000000141e-14
1.093670000000000000e+05 9.549670000000000419e-15
1.418930000000000000e+05 4.276539999999999870e-15
1.840910000000000000e+05 1.820050000000000061e-15
2.720450000000000000e+05 4.253859999999999766e-16
4.579140000000000000e+05 2.229339999999999756e-16
7.707760000000000000e+05 4.149019999999999821e-17
