3.417099999999999937e+01 1.043400000000000039e-05
4.433319999999999794e+01 4.479679999999999943e-06
5.751769999999999783e+01 1.956729999999999814e-06
7.462309999999999377e+01 7.725550000000000512e-07
9.681550000000000011e+01 2.702289999999999775e-07
1.256080000000000041e+02 1.286320000000000099e-07
1.629629999999999939e+02 7.429350000000000282e-08
2.114269999999999925e+02 3.377390000000000307e-08
2.743050000000000068e+02 1.414599999999999975e-08
3.558809999999999718e+02 6.777849999999999709e-09
4.617180000000000177e+02 3.373329999999999972e-09
5.990299999999999727e+02 1.853799999999999947e-09
7.771789999999999736e+02 1.042420000000000005e-09
1.008309999999999945e+03 4.104630000000000228e-10
1.308170000000000073e+03 1.582139999999999977e-10
1.697210000000000036e+03 7.089220000000000362e-11
2.201960000000000036e+03 4.005260000000000162e-11
2.856809999999999945e+03 3.069919999999999828e-11
3.706400000000000091e+03 2.278320000000000010e-11
4.808670000000000073e+03 1.513080000000000011e-11
6.238739999999999782e+03 9.401689999999999292e-12
8.094100000000000364e+03 6.168489999999999700e-12
1.050120000000000073e+04 3.670410000000000311e-12
1.362420000000000073e+04 2.165929999999999839e-12
1.767600000000000000e+04 1.238989999999999954e-12
2.293279999999999927e+04 6.778480000000000415e-13
2.975279999999999927e+04 4.095349999999999811e-13
3.860119999999999709e+04 2.638150000000000224e-13
5.008090000000000146e+04 1.788970000000000101e-13
6.497469999999999709e+04 1.117310000000000037e-13
8.429780000000000291e+04 7.250920000000000369e-14
1.093670000000000000e+05 5.741129999999999792e-14
1.418930000000000000e+05 4.198530000000000009e-14
1.840910000000000000e+05 2.451770000000000000e-14
2.388380000000000000e+05 1.513040000000000147e-14
3.098680000000000000e+05 7.677080000000000494e-15
4.020200000000000000e+05 3.242500000000000131e-15
5.215790000000000000e+05 1.539939999999999933e-15
6.766940000000000000e+05 7.599039999999999526e-16
8.779380000000000000e+05 3.722099999999999877e-16
