3.417099999999999937e+01 6.897910000000000335e-06
4.433319999999999794e+01 3.305840000000000014e-06
5.751769999999999783e+01 1.612849999999999940e-06
7.462309999999999377e+01 7.050399999999999658e-07
9.681550000000000011e+01 2.675260000000000094e-07
1.256080000000000041e+02 1.401299999999999981e-07
1.629629999999999939e+02 9.198299999999999721e-08
2.114269999999999925e+02 5.032419999999999875e-08
2.743050000000000068e+02 2.583850000000000006e-08
3.558809999999999718e+02 1.342270000000000081e-08
4.617180000000000177e+02 6.628149999999999699e-09
5.990299999999999727e+02 3.665319999999999912e-09
7.771789999999999736e+02 2.315510000000000000e-09
1.008309999999999945e+03 1.288400000000000018e-09
1.308170000000000073e+03 7.008829999999999877e-10
1.697210000000000036e+03 3.402520000000000054e-10
2.201960000000000036e+03 1.307709999999999871e-10
2.856809999999999945e+03 6.340270000000000327e-11
3.706400000000000091e+03 3.780379999999999771e-11
4.808670000000000073e+03 2.344160000000000141e-11
6.238739999999999782e+03 1.714750000000000140e-11
8.094100000000000364e+03 1.414750000000000045e-11
1.050120000000000073e+04 9.880319999999999646e-12
1.362420000000000073e+04 6.563140000000000244e-12
1.767600000000000000e+04 3.974520000000000315e-12
2.293279999999999927e+04 2.764660000000000056e-12
2.975279999999999927e+04 2.742559999999999978e-12
3.860119999999999709e+04 2.065149999999999940e-12
5.008090000000000146e+04 1.051299999999999973e-12
6.497469999999999709e+04 5.299429999999999766e-13
8.429780000000000291e+04 2.894099999999999755e-13
1.093670000000000000e+05 1.676879999999999969e-13
1.418930000000000000e+05 9.164140000000000168e-14
1.840910000000000000e+05 5.293960000000000219e-14
2.388380000000000000e+05 3.526139999999999983e-14
3.098680000000000000e+05 2.261680000000000100e-14
4.020200000000000000e+05 1.401149999999999980e-14
5.215790000000000000e+05 8.650760000000000176e-15
6.766940000000000000e+05 5.271039999999999760e-15
8.779380000000000000e+05 3.219309999999999847e-15
