3.417099999999999937e+01 2.311420000000000140e-06
4.433319999999999794e+01 1.097260000000000020e-06
5.751769999999999783e+01 5.162669999999999734e-07
7.462309999999999377e+01 2.572629999999999922e-07
9.681550000000000011e+01 1.361799999999999925e-07
1.256080000000000041e+02 7.876500000000000418e-08
1.629629999999999939e+02 4.738539999999999893e-08
2.114269999999999925e+02 2.519730000000000024e-08
2.743050000000000068e+02 1.286520000000000061e-08
3.558809999999999718e+02 6.602099999999999773e-09
4.617180000000000177e+02 3.249089999999999996e-09
5.990299999999999727e+02 1.567809999999999986e-09
7.771789999999999736e+02 7.469890000000000144e-10
1.008309999999999945e+03 3.573930000000000189e-10
1.308170000000000073e+03 1.890580000000000000e-10
1.697210000000000036e+03 9.953479999999999630e-11
2.201960000000000036e+03 4.906079999999999952e-11
2.856809999999999945e+03 2.712930000000000073e-11
3.706400000000000091e+03 1.966889999999999993e-11
4.808670000000000073e+03 1.312190000000000046e-11
6.238739999999999782e+03 7.514350000000000591e-12
8.094100000000000364e+03 4.800059999999999643e-12
1.050120000000000073e+04 2.651849999999999853e-12
1.362420000000000073e+04 1.513699999999999901e-12
1.767600000000000000e+04 8.881799999999999575e-13
2.293279999999999927e+04 4.923890000000000136e-13
2.975279999999999927e+04 2.944930000000000054e-13
3.860119999999999709e+04 1.609000000000000010e-13
5.008090000000000146e+04 7.792519999999999546e-14
6.497469999999999709e+04 3.826999999999999748e-14
8.429780000000000291e+04 1.988129999999999905e-14
1.093670000000000000e+05 9.262619999999999827e-15
1.418930000000000000e+05 4.043930000000000218e-15
1.840910000000000000e+05 1.935740000000000172e-15
2.388380000000000000e+05 9.748339999999999760e-16
3.098680000000000000e+05 3.983540000000000237e-16
4.020200000000000000e+05 1.292140000000000029e-16
5.215790000000000000e+05 7.713990000000000043e-17
6.766940000000000000e+05 7.822310000000000095e-17
8.779380000000000000e+05 7.283610000000000334e-17
