3.417099999999999937e+01 4.115509999999999667e-06
4.433319999999999794e+01 1.754760000000000077e-06
5.751769999999999783e+01 7.398559999999999515e-07
7.462309999999999377e+01 3.387789999999999924e-07
9.681550000000000011e+01 1.673639999999999891e-07
1.256080000000000041e+02 9.424790000000000579e-08
1.629629999999999939e+02 5.748209999999999695e-08
2.114269999999999925e+02 3.116679999999999953e-08
2.743050000000000068e+02 1.649600000000000094e-08
3.558809999999999718e+02 8.507730000000000770e-09
4.617180000000000177e+02 4.191320000000000370e-09
5.990299999999999727e+02 2.170730000000000010e-09
7.771789999999999736e+02 1.151199999999999912e-09
1.008309999999999945e+03 6.281380000000000492e-10
1.308170000000000073e+03 3.569119999999999768e-10
1.697210000000000036e+03 1.886299999999999990e-10
2.201960000000000036e+03 1.006939999999999989e-10
2.856809999999999945e+03 5.741569999999999980e-11
3.706400000000000091e+03 3.593279999999999972e-11
4.808670000000000073e+03 2.225929999999999907e-11
6.238739999999999782e+03 1.316280000000000042e-11
8.094100000000000364e+03 8.210340000000000738e-12
1.050120000000000073e+04 4.481519999999999669e-12
1.362420000000000073e+04 2.514800000000000149e-12
1.767600000000000000e+04 1.398780000000000023e-12
2.293279999999999927e+04 6.894779999999999627e-13
2.975279999999999927e+04 3.874470000000000151e-13
3.860119999999999709e+04 2.226230000000000047e-13
5.008090000000000146e+04 1.108880000000000017e-13
6.497469999999999709e+04 5.198299999999999923e-14
8.429780000000000291e+04 2.676089999999999985e-14
1.093670000000000000e+05 1.412159999999999975e-14
1.418930000000000000e+05 6.302110000000000163e-15
1.840910000000000000e+05 2.819389999999999848e-15
2.388380000000000000e+05 1.413470000000000069e-15
3.098680000000000000e+05 7.402179999999999912e-16
4.020200000000000000e+05 3.979649999999999990e-16
5.215790000000000000e+05 2.554559999999999941e-16
6.766940000000000000e+05 1.941259999999999915e-16
8.779380000000000000e+05 1.433339999999999986e-16
