3.417099999999999937e+01 2.624350000000000124e-06
4.433319999999999794e+01 1.244469999999999920e-06
5.751769999999999783e+01 5.867380000000000226e-07
7.462309999999999377e+01 2.835820000000000044e-07
9.681550000000000011e+01 1.419929999999999930e-07
1.256080000000000041e+02 8.030289999999999574e-08
1.629629999999999939e+02 4.763880000000000304e-08
2.114269999999999925e+02 2.510469999999999914e-08
2.743050000000000068e+02 1.299320000000000017e-08
3.558809999999999718e+02 6.736470000000000003e-09
4.617180000000000177e+02 3.354890000000000189e-09
5.990299999999999727e+02 1.714160000000000003e-09
7.771789999999999736e+02 8.575060000000000372e-10
1.008309999999999945e+03 4.134080000000000059e-10
1.308170000000000073e+03 2.209960000000000039e-10
1.697210000000000036e+03 1.202069999999999914e-10
2.201960000000000036e+03 6.395059999999999369e-11
2.856809999999999945e+03 3.778159999999999726e-11
3.706400000000000091e+03 2.574549999999999849e-11
4.808670000000000073e+03 1.585869999999999987e-11
6.238739999999999782e+03 9.129279999999999648e-12
8.094100000000000364e+03 5.838580000000000351e-12
1.050120000000000073e+04 3.168530000000000030e-12
1.362420000000000073e+04 1.802129999999999915e-12
1.767600000000000000e+04 1.095920000000000040e-12
2.293279999999999927e+04 5.931290000000000468e-13
2.975279999999999927e+04 3.342430000000000127e-13
3.860119999999999709e+04 1.920570000000000014e-13
5.008090000000000146e+04 9.974729999999999796e-14
6.497469999999999709e+04 4.742270000000000123e-14
8.429780000000000291e+04 2.289499999999999988e-14
1.093670000000000000e+05 1.089240000000000005e-14
1.418930000000000000e+05 5.076449999999999885e-15
1.840910000000000000e+05 2.514169999999999989e-15
2.388380000000000000e+05 1.307280000000000014e-15
3.098680000000000000e+05 6.902999999999999954e-16
4.020200000000000000e+05 3.578970000000000054e-16
5.215790000000000000e+05 2.087550000000000020e-16
6.766940000000000000e+05 1.376530000000000055e-16
8.779380000000000000e+05 8.880900000000000253e-17
