3.417099999999999937e+01 6.829630000000000203e-06
4.433319999999999794e+01 3.498720000000000190e-06
5.751769999999999783e+01 1.805839999999999976e-06
7.462309999999999377e+01 8.640460000000000067e-07
9.681550000000000011e+01 3.831740000000000137e-07
1.256080000000000041e+02 2.020260000000000119e-07
1.629629999999999939e+02 1.176469999999999946e-07
2.114269999999999925e+02 6.065769999999999662e-08
2.743050000000000068e+02 2.977360000000000067e-08
3.558809999999999718e+02 1.516390000000000054e-08
4.617180000000000177e+02 7.849090000000000241e-09
5.990299999999999727e+02 4.161120000000000206e-09
7.771789999999999736e+02 2.216730000000000058e-09
1.008309999999999945e+03 1.077570000000000033e-09
1.308170000000000073e+03 5.059070000000000398e-10
1.697210000000000036e+03 2.615419999999999743e-10
2.201960000000000036e+03 1.438020000000000014e-10
2.856809999999999945e+03 7.828710000000000152e-11
3.706400000000000091e+03 3.845639999999999838e-11
4.808670000000000073e+03 1.974380000000000075e-11
6.238739999999999782e+03 1.143339999999999933e-11
8.094100000000000364e+03 6.966119999999999806e-12
1.050120000000000073e+04 3.797000000000000078e-12
1.362420000000000073e+04 2.174640000000000112e-12
1.767600000000000000e+04 1.282640000000000076e-12
2.293279999999999927e+04 7.049059999999999854e-13
2.975279999999999927e+04 4.128889999999999989e-13
3.860119999999999709e+04 2.519489999999999799e-13
5.008090000000000146e+04 1.354980000000000099e-13
6.497469999999999709e+04 7.044000000000000076e-14
8.429780000000000291e+04 4.079219999999999732e-14
1.093670000000000000e+05 2.664909999999999989e-14
1.418930000000000000e+05 1.622840000000000156e-14
1.840910000000000000e+05 1.014129999999999935e-14
2.388380000000000000e+05 8.303170000000000379e-15
3.098680000000000000e+05 5.313360000000000022e-15
4.020200000000000000e+05 2.597550000000000172e-15
5.215790000000000000e+05 1.481680000000000048e-15
6.766940000000000000e+05 9.231390000000000304e-16
8.779380000000000000e+05 5.660510000000000150e-16
