3.417099999999999937e+01 1.874619999999999934e-06
4.433319999999999794e+01 1.032630000000000056e-06
5.751769999999999783e+01 5.690320000000000095e-07
7.462309999999999377e+01 3.077599999999999977e-07
9.681550000000000011e+01 1.658650000000000099e-07
1.256080000000000041e+02 9.021690000000000100e-08
1.629629999999999939e+02 4.740660000000000047e-08
2.114269999999999925e+02 2.141399999999999905e-08
2.743050000000000068e+02 9.297130000000000547e-09
3.558809999999999718e+02 4.518150000000000161e-09
4.617180000000000177e+02 2.175599999999999808e-09
5.990299999999999727e+02 1.141550000000000054e-09
7.771789999999999736e+02 5.884869999999999759e-10
1.008309999999999945e+03 2.125770000000000043e-10
1.308170000000000073e+03 7.559920000000000608e-11
1.697210000000000036e+03 3.069589999999999969e-11
2.201960000000000036e+03 1.643709999999999991e-11
2.856809999999999945e+03 1.510199999999999926e-11
3.706400000000000091e+03 1.535709999999999885e-11
4.808670000000000073e+03 1.186979999999999936e-11
6.238739999999999782e+03 7.254579999999999972e-12
8.094100000000000364e+03 4.645969999999999842e-12
1.050120000000000073e+04 2.914759999999999992e-12
1.362420000000000073e+04 1.693989999999999934e-12
1.767600000000000000e+04 8.981200000000000141e-13
2.293279999999999927e+04 4.691149999999999655e-13
2.975279999999999927e+04 2.835569999999999902e-13
3.860119999999999709e+04 1.651870000000000109e-13
5.008090000000000146e+04 8.076070000000000140e-14
6.497469999999999709e+04 3.684170000000000068e-14
8.429780000000000291e+04 1.900959999999999871e-14
1.093670000000000000e+05 1.002969999999999966e-14
1.418930000000000000e+05 4.054299999999999635e-15
1.840910000000000000e+05 1.559630000000000062e-15
2.720450000000000000e+05 4.096479999999999760e-16
4.579140000000000000e+05 4.837909999999999859e-17
7.707760000000000000e+05 1.659849999999999992e-17
