3.417099999999999937e+01 7.313079999999999784e-06
4.433319999999999794e+01 3.750709999999999788e-06
5.751769999999999783e+01 1.944439999999999801e-06
7.462309999999999377e+01 9.135369999999999831e-07
9.681550000000000011e+01 3.886619999999999898e-07
1.256080000000000041e+02 2.005799999999999869e-07
1.629629999999999939e+02 1.158959999999999943e-07
2.114269999999999925e+02 5.906660000000000032e-08
2.743050000000000068e+02 2.863200000000000122e-08
3.558809999999999718e+02 1.445099999999999983e-08
4.617180000000000177e+02 7.423129999999999780e-09
5.990299999999999727e+02 3.941770000000000131e-09
7.771789999999999736e+02 2.124710000000000204e-09
1.008309999999999945e+03 1.039530000000000028e-09
1.308170000000000073e+03 4.898120000000000039e-10
1.697210000000000036e+03 2.541050000000000236e-10
2.201960000000000036e+03 1.400519999999999885e-10
2.856809999999999945e+03 7.658030000000000075e-11
3.706400000000000091e+03 3.785970000000000033e-11
4.808670000000000073e+03 1.951229999999999876e-11
6.238739999999999782e+03 1.132120000000000067e-11
8.094100000000000364e+03 6.911539999999999850e-12
1.050120000000000073e+04 3.774459999999999651e-12
1.362420000000000073e+04 2.162379999999999920e-12
1.767600000000000000e+04 1.273089999999999980e-12
2.293279999999999927e+04 7.006529999999999630e-13
2.975279999999999927e+04 4.123660000000000021e-13
3.860119999999999709e+04 2.517789999999999917e-13
5.008090000000000146e+04 1.350010000000000020e-13
6.497469999999999709e+04 7.006879999999999977e-14
8.429780000000000291e+04 4.052300000000000313e-14
1.093670000000000000e+05 2.647750000000000002e-14
1.418930000000000000e+05 1.615790000000000012e-14
1.840910000000000000e+05 1.009489999999999922e-14
2.388380000000000000e+05 8.241199999999999887e-15
3.098680000000000000e+05 5.279009999999999769e-15
4.020200000000000000e+05 2.593809999999999839e-15
5.215790000000000000e+05 1.480329999999999937e-15
6.766940000000000000e+05 9.195700000000000704e-16
8.779380000000000000e+05 5.625449999999999537e-16
