3.417099999999999937e+01 4.465200000000000041e-06
4.433319999999999794e+01 2.376329999999999998e-06
5.751769999999999783e+01 1.284850000000000074e-06
7.462309999999999377e+01 6.198280000000000098e-07
9.681550000000000011e+01 2.667550000000000087e-07
1.256080000000000041e+02 1.415219999999999884e-07
1.629629999999999939e+02 8.470219999999999729e-08
2.114269999999999925e+02 4.297779999999999856e-08
2.743050000000000068e+02 2.026199999999999972e-08
3.558809999999999718e+02 1.028479999999999989e-08
4.617180000000000177e+02 5.301209999999999729e-09
5.990299999999999727e+02 2.684730000000000096e-09
7.771789999999999736e+02 1.386110000000000087e-09
1.008309999999999945e+03 6.478609999999999820e-10
1.308170000000000073e+03 3.013400000000000161e-10
1.697210000000000036e+03 1.531190000000000014e-10
2.201960000000000036e+03 7.916330000000000621e-11
2.856809999999999945e+03 4.119199999999999977e-11
3.706400000000000091e+03 2.530570000000000030e-11
4.808670000000000073e+03 1.584810000000000070e-11
6.238739999999999782e+03 9.225909999999999409e-12
8.094100000000000364e+03 6.013719999999999946e-12
1.050120000000000073e+04 3.474379999999999984e-12
1.362420000000000073e+04 2.029619999999999989e-12
1.767600000000000000e+04 1.181390000000000078e-12
2.293279999999999927e+04 7.107340000000000288e-13
2.975279999999999927e+04 4.995810000000000500e-13
3.860119999999999709e+04 3.229949999999999783e-13
5.008090000000000146e+04 1.845060000000000016e-13
6.497469999999999709e+04 1.216039999999999936e-13
8.429780000000000291e+04 9.366160000000000401e-14
1.093670000000000000e+05 7.588930000000000511e-14
1.418930000000000000e+05 7.263000000000000203e-14
1.840910000000000000e+05 5.657360000000000089e-14
2.388380000000000000e+05 3.577330000000000091e-14
3.098680000000000000e+05 1.999360000000000050e-14
4.020200000000000000e+05 9.928969999999999305e-15
5.215790000000000000e+05 4.945839999999999919e-15
6.766940000000000000e+05 2.360979999999999959e-15
8.779380000000000000e+05 1.136320000000000092e-15
