3.417099999999999937e+01 1.788809999999999988e-06
4.433319999999999794e+01 9.299900000000000313e-07
5.751769999999999783e+01 4.807859999999999484e-07
7.462309999999999377e+01 2.467799999999999903e-07
9.681550000000000011e+01 1.295099999999999997e-07
1.256080000000000041e+02 7.486360000000000605e-08
1.629629999999999939e+02 4.421469999999999953e-08
2.114269999999999925e+02 2.476880000000000074e-08
2.743050000000000068e+02 1.396539999999999977e-08
3.558809999999999718e+02 7.429469999999999988e-09
4.617180000000000177e+02 3.710949999999999888e-09
5.990299999999999727e+02 1.836990000000000085e-09
7.771789999999999736e+02 9.291850000000000333e-10
1.008309999999999945e+03 5.588099999999999552e-10
1.308170000000000073e+03 3.422610000000000240e-10
1.697210000000000036e+03 1.628419999999999946e-10
2.201960000000000036e+03 7.550299999999999766e-11
2.856809999999999945e+03 4.040800000000000150e-11
3.706400000000000091e+03 2.485860000000000153e-11
4.808670000000000073e+03 1.381480000000000047e-11
6.238739999999999782e+03 7.940579999999999270e-12
8.094100000000000364e+03 5.480700000000000264e-12
1.050120000000000073e+04 3.046769999999999951e-12
1.362420000000000073e+04 1.756330000000000050e-12
1.767600000000000000e+04 1.034240000000000044e-12
2.293279999999999927e+04 5.461569999999999517e-13
2.975279999999999927e+04 3.268719999999999930e-13
3.860119999999999709e+04 1.841660000000000000e-13
5.008090000000000146e+04 8.336220000000000551e-14
6.497469999999999709e+04 4.190689999999999787e-14
8.429780000000000291e+04 2.536249999999999985e-14
1.093670000000000000e+05 1.395480000000000027e-14
1.418930000000000000e+05 6.832840000000000013e-15
1.840910000000000000e+05 3.906340000000000284e-15
2.388380000000000000e+05 2.927030000000000154e-15
3.098680000000000000e+05 2.091330000000000005e-15
4.020200000000000000e+05 1.408900000000000076e-15
5.215790000000000000e+05 8.539769999999999727e-16
6.766940000000000000e+05 4.645819999999999828e-16
8.779380000000000000e+05 2.578299999999999909e-16
