3.417099999999999937e+01 1.266470000000000090e-06
4.433319999999999794e+01 7.302589999999999483e-07
5.751769999999999783e+01 4.224340000000000093e-07
7.462309999999999377e+01 2.379579999999999924e-07
9.681550000000000011e+01 1.331300000000000016e-07
1.256080000000000041e+02 7.696140000000000516e-08
1.629629999999999939e+02 4.287819999999999944e-08
2.114269999999999925e+02 2.198899999999999924e-08
2.743050000000000068e+02 1.105720000000000024e-08
3.558809999999999718e+02 5.640919999999999997e-09
4.617180000000000177e+02 2.802589999999999935e-09
5.990299999999999727e+02 1.350589999999999986e-09
7.771789999999999736e+02 6.331370000000000233e-10
1.008309999999999945e+03 3.132999999999999934e-10
1.308170000000000073e+03 1.813720000000000071e-10
1.697210000000000036e+03 9.714919999999999887e-11
2.201960000000000036e+03 4.563330000000000024e-11
2.856809999999999945e+03 2.519829999999999856e-11
3.706400000000000091e+03 1.886580000000000065e-11
4.808670000000000073e+03 1.274359999999999994e-11
6.238739999999999782e+03 7.292929999999999703e-12
8.094100000000000364e+03 4.656750000000000327e-12
1.050120000000000073e+04 2.564479999999999994e-12
1.362420000000000073e+04 1.460960000000000068e-12
1.767600000000000000e+04 8.567779999999999667e-13
2.293279999999999927e+04 4.722939999999999866e-13
2.975279999999999927e+04 2.791660000000000244e-13
3.860119999999999709e+04 1.519819999999999930e-13
5.008090000000000146e+04 7.398109999999999513e-14
6.497469999999999709e+04 3.607759999999999917e-14
8.429780000000000291e+04 1.846470000000000045e-14
1.093670000000000000e+05 8.386330000000000728e-15
1.418930000000000000e+05 3.545899999999999894e-15
1.840910000000000000e+05 1.598769999999999945e-15
2.720450000000000000e+05 4.173029999999999989e-16
4.579140000000000000e+05 9.254530000000000321e-17
7.707760000000000000e+05 3.396260000000000138e-17
