3.417099999999999937e+01 3.852540000000000218e-06
4.433319999999999794e+01 1.632800000000000062e-06
5.751769999999999783e+01 6.806909999999999640e-07
7.462309999999999377e+01 3.203630000000000213e-07
9.681550000000000011e+01 1.671220000000000058e-07
1.256080000000000041e+02 9.064929999999999632e-08
1.629629999999999939e+02 5.362640000000000168e-08
2.114269999999999925e+02 2.727379999999999902e-08
2.743050000000000068e+02 1.210529999999999955e-08
3.558809999999999718e+02 5.771810000000000151e-09
4.617180000000000177e+02 2.864470000000000139e-09
5.990299999999999727e+02 1.388370000000000035e-09
7.771789999999999736e+02 6.826970000000000052e-10
1.008309999999999945e+03 2.833820000000000250e-10
1.308170000000000073e+03 9.563749999999999674e-11
1.697210000000000036e+03 4.620209999999999677e-11
2.201960000000000036e+03 2.898909999999999893e-11
2.856809999999999945e+03 2.070539999999999940e-11
3.706400000000000091e+03 1.853619999999999850e-11
4.808670000000000073e+03 1.360970000000000006e-11
6.238739999999999782e+03 8.564600000000000079e-12
8.094100000000000364e+03 5.420399999999999804e-12
1.050120000000000073e+04 3.395989999999999952e-12
1.362420000000000073e+04 1.944459999999999976e-12
1.767600000000000000e+04 1.010649999999999940e-12
2.293279999999999927e+04 5.504890000000000387e-13
2.975279999999999927e+04 3.104620000000000154e-13
3.860119999999999709e+04 1.640359999999999889e-13
5.008090000000000146e+04 8.254830000000000228e-14
6.497469999999999709e+04 4.012470000000000295e-14
8.429780000000000291e+04 1.854080000000000025e-14
1.093670000000000000e+05 8.950510000000000363e-15
1.418930000000000000e+05 4.908740000000000164e-15
1.840910000000000000e+05 1.469600000000000056e-15
2.720450000000000000e+05 2.181990000000000081e-16
4.579140000000000000e+05 7.701220000000000380e-17
7.707760000000000000e+05 2.718160000000000026e-17
