3.368030000000000257e+01 2.157139999999999899e-06 5.010860000000000210e-09
4.245060000000000144e+01 1.013699999999999925e-06 1.417259999999999922e-09
5.350469999999999970e+01 4.715719999999999825e-07 1.088989999999999979e-09
6.743739999999999668e+01 2.358710000000000082e-07 5.568569999999999517e-10
8.499809999999999377e+01 1.159610000000000019e-07 4.060930000000000162e-10
1.071320000000000050e+02 8.309860000000000005e-08 2.099550000000000003e-10
1.350289999999999964e+02 6.102159999999999367e-08 1.870010000000000091e-10
1.701899999999999977e+02 3.681859999999999857e-08 8.634350000000000019e-11
2.145080000000000098e+02 2.281009999999999922e-08 7.532839999999999394e-11
2.703650000000000091e+02 1.371949999999999920e-08 3.268790000000000171e-11
3.407690000000000055e+02 8.270430000000000360e-09 2.383109999999999849e-11
4.295049999999999955e+02 4.900349999999999937e-09 1.339400000000000048e-11
5.413479999999999563e+02 2.875359999999999881e-09 9.476689999999999679e-12
6.823150000000000546e+02 1.625290000000000082e-09 6.191460000000000358e-12
8.599900000000000091e+02 9.243650000000000438e-10 3.961650000000000189e-12
1.083930000000000064e+03 5.250080000000000134e-10 2.827509999999999935e-12
1.366190000000000055e+03 2.960989999999999822e-10 1.632300000000000022e-12
1.721940000000000055e+03 1.652109999999999995e-10 1.246800000000000100e-12
2.170340000000000146e+03 9.540900000000000109e-11 6.695560000000000401e-13
2.735489999999999782e+03 5.530609999999999837e-11 5.641639999999999779e-13
3.447809999999999945e+03 3.334680000000000085e-11 2.846239999999999896e-13
4.345619999999999891e+03 2.000589999999999900e-11 2.588589999999999979e-13
5.477229999999999563e+03 1.241839999999999967e-11 1.283519999999999967e-13
6.903500000000000000e+03 7.688529999999999350e-12 1.194469999999999958e-13
8.701170000000000073e+03 4.666440000000000057e-12 6.122099999999999985e-14
1.096700000000000000e+04 2.834999999999999936e-12 5.189859999999999809e-14
1.382270000000000073e+04 1.655529999999999914e-12 2.616080000000000022e-14
1.742220000000000073e+04 9.724419999999999877e-13 2.284760000000000152e-14
2.195890000000000146e+04 5.765289999999999964e-13 1.130219999999999973e-14
2.767700000000000000e+04 3.425420000000000161e-13 9.113979999999999842e-15
3.488409999999999854e+04 1.992660000000000064e-13 5.660080000000000260e-15
4.396800000000000000e+04 1.127689999999999989e-13 3.377960000000000166e-15
5.541719999999999709e+04 6.473940000000000433e-14 2.912900000000000060e-15
6.984789999999999418e+04 3.492450000000000179e-14 1.379999999999999942e-15
8.803630000000000291e+04 1.890550000000000083e-14 1.143119999999999926e-15
1.109610000000000000e+05 1.081029999999999976e-14 6.221799999999999850e-16
1.398550000000000000e+05 6.312819999999999897e-15 3.643499999999999941e-16
1.762730000000000000e+05 3.606200000000000104e-15 2.824510000000000018e-16
2.221750000000000000e+05 2.322960000000000181e-15 1.757209999999999912e-16
2.800290000000000000e+05 1.551500000000000066e-15 1.019990000000000009e-16
3.529490000000000000e+05 1.029430000000000045e-15 6.942540000000000346e-17
4.448570000000000000e+05 6.838540000000000283e-16 5.471180000000000188e-17
5.606980000000000000e+05 4.541870000000000377e-16 4.514479999999999724e-17
7.067040000000000000e+05 3.016640000000000243e-16 3.692779999999999852e-17
8.907290000000000000e+05 2.003589999999999983e-16 2.952610000000000192e-17
1.000000000000000000e+06 1.632867168856250800e-16 0.000000000000000000e+00
2.000000000000000000e+06 4.793808419111447886e-17 0.000000000000000000e+00
3.000000000000000000e+06 2.340575077633672959e-17 0.000000000000000000e+00
