3.417099999999999937e+01 2.961980000000000057e-06
4.433319999999999794e+01 1.350440000000000067e-06
5.751769999999999783e+01 6.113339999999999604e-07
7.462309999999999377e+01 2.877560000000000258e-07
9.681550000000000011e+01 1.420199999999999972e-07
1.256080000000000041e+02 7.933779999999999459e-08
1.629629999999999939e+02 4.667899999999999731e-08
2.114269999999999925e+02 2.512909999999999835e-08
2.743050000000000068e+02 1.340840000000000014e-08
3.558809999999999718e+02 6.916910000000000261e-09
4.617180000000000177e+02 3.418120000000000186e-09
5.990299999999999727e+02 1.755630000000000068e-09
7.771789999999999736e+02 9.087050000000000172e-10
1.008309999999999945e+03 4.798629999999999589e-10
1.308170000000000073e+03 2.620129999999999823e-10
1.697210000000000036e+03 1.286209999999999997e-10
2.201960000000000036e+03 6.616610000000000016e-11
2.856809999999999945e+03 3.964479999999999683e-11
3.706400000000000091e+03 2.513879999999999866e-11
4.808670000000000073e+03 1.469469999999999877e-11
6.238739999999999782e+03 8.520359999999999451e-12
8.094100000000000364e+03 5.501210000000000144e-12
1.050120000000000073e+04 3.205260000000000016e-12
1.362420000000000073e+04 1.896029999999999949e-12
1.767600000000000000e+04 1.109120000000000024e-12
2.293279999999999927e+04 6.022899999999999509e-13
2.975279999999999927e+04 3.495609999999999986e-13
3.860119999999999709e+04 1.984260000000000069e-13
5.008090000000000146e+04 1.000859999999999938e-13
6.497469999999999709e+04 5.044510000000000080e-14
8.429780000000000291e+04 2.860380000000000303e-14
1.093670000000000000e+05 1.621929999999999911e-14
1.418930000000000000e+05 7.941599999999999515e-15
1.840910000000000000e+05 4.356419999999999898e-15
2.388380000000000000e+05 3.254839999999999854e-15
3.098680000000000000e+05 1.954340000000000119e-15
4.020200000000000000e+05 8.658140000000000307e-16
5.215790000000000000e+05 5.087879999999999955e-16
6.766940000000000000e+05 3.786059999999999836e-16
8.779380000000000000e+05 2.704499999999999869e-16
