3.417099999999999937e+01 6.068620000000000352e-06
4.433319999999999794e+01 3.343259999999999988e-06
5.751769999999999783e+01 1.886330000000000031e-06
7.462309999999999377e+01 8.908160000000000274e-07
9.681550000000000011e+01 3.556039999999999859e-07
1.256080000000000041e+02 1.830170000000000036e-07
1.629629999999999939e+02 1.068279999999999955e-07
2.114269999999999925e+02 5.487700000000000230e-08
2.743050000000000068e+02 2.781649999999999964e-08
3.558809999999999718e+02 1.444389999999999972e-08
4.617180000000000177e+02 7.343339999999999997e-09
5.990299999999999727e+02 3.901030000000000125e-09
7.771789999999999736e+02 2.110969999999999794e-09
1.008309999999999945e+03 9.916250000000000783e-10
1.308170000000000073e+03 4.673319999999999946e-10
1.697210000000000036e+03 2.395390000000000245e-10
2.201960000000000036e+03 1.273879999999999948e-10
2.856809999999999945e+03 6.778449999999999738e-11
3.706400000000000091e+03 3.722120000000000300e-11
4.808670000000000073e+03 2.101179999999999898e-11
6.238739999999999782e+03 1.231370000000000073e-11
8.094100000000000364e+03 7.865199999999999242e-12
1.050120000000000073e+04 4.275729999999999998e-12
1.362420000000000073e+04 2.451080000000000094e-12
1.767600000000000000e+04 1.491330000000000068e-12
2.293279999999999927e+04 8.734370000000000475e-13
2.975279999999999927e+04 5.706299999999999626e-13
3.860119999999999709e+04 3.892159999999999947e-13
5.008090000000000146e+04 2.466949999999999904e-13
6.497469999999999709e+04 1.513159999999999936e-13
8.429780000000000291e+04 9.777970000000000441e-14
1.093670000000000000e+05 7.040530000000000041e-14
1.418930000000000000e+05 5.868450000000000606e-14
1.840910000000000000e+05 4.241389999999999762e-14
2.388380000000000000e+05 2.822519999999999960e-14
3.098680000000000000e+05 1.586100000000000115e-14
4.020200000000000000e+05 7.149960000000000717e-15
5.215790000000000000e+05 3.584489999999999994e-15
6.766940000000000000e+05 1.911589999999999967e-15
8.779380000000000000e+05 1.007549999999999974e-15
