3.417099999999999937e+01 2.289349999999999943e-06
4.433319999999999794e+01 1.089160000000000046e-06
5.751769999999999783e+01 5.147760000000000033e-07
7.462309999999999377e+01 2.591709999999999852e-07
9.681550000000000011e+01 1.370280000000000012e-07
1.256080000000000041e+02 7.947380000000000322e-08
1.629629999999999939e+02 4.805089999999999916e-08
2.114269999999999925e+02 2.581130000000000164e-08
2.743050000000000068e+02 1.331289999999999939e-08
3.558809999999999718e+02 6.928279999999999985e-09
4.617180000000000177e+02 3.510009999999999959e-09
5.990299999999999727e+02 1.755399999999999956e-09
7.771789999999999736e+02 8.728319999999999902e-10
1.008309999999999945e+03 4.366089999999999964e-10
1.308170000000000073e+03 2.310880000000000089e-10
1.697210000000000036e+03 1.214870000000000117e-10
2.201960000000000036e+03 5.704259999999999930e-11
2.856809999999999945e+03 3.273290000000000000e-11
3.706400000000000091e+03 2.414609999999999947e-11
4.808670000000000073e+03 1.497419999999999894e-11
6.238739999999999782e+03 8.937289999999999776e-12
8.094100000000000364e+03 6.177859999999999689e-12
1.050120000000000073e+04 3.510139999999999824e-12
1.362420000000000073e+04 2.040119999999999995e-12
1.767600000000000000e+04 1.197329999999999907e-12
2.293279999999999927e+04 6.500330000000000232e-13
2.975279999999999927e+04 3.918070000000000086e-13
3.860119999999999709e+04 2.376370000000000203e-13
5.008090000000000146e+04 1.240269999999999874e-13
6.497469999999999709e+04 6.313219999999999983e-14
8.429780000000000291e+04 3.634989999999999691e-14
1.093670000000000000e+05 2.138739999999999882e-14
1.418930000000000000e+05 1.162120000000000038e-14
1.840910000000000000e+05 6.451350000000000198e-15
2.388380000000000000e+05 3.941410000000000280e-15
3.098680000000000000e+05 2.433950000000000038e-15
4.020200000000000000e+05 1.512660000000000011e-15
5.215790000000000000e+05 9.208180000000000071e-16
6.766940000000000000e+05 5.485869999999999545e-16
8.779380000000000000e+05 3.280989999999999796e-16
