3.417099999999999937e+01 6.282100000000000382e-06
4.433319999999999794e+01 3.283539999999999821e-06
5.751769999999999783e+01 1.746590000000000078e-06
7.462309999999999377e+01 8.257799999999999736e-07
9.681550000000000011e+01 3.427329999999999761e-07
1.256080000000000041e+02 1.767759999999999942e-07
1.629629999999999939e+02 1.032119999999999980e-07
2.114269999999999925e+02 5.331389999999999805e-08
2.743050000000000068e+02 2.653829999999999882e-08
3.558809999999999718e+02 1.363129999999999945e-08
4.617180000000000177e+02 7.008119999999999990e-09
5.990299999999999727e+02 3.694830000000000154e-09
7.771789999999999736e+02 2.017589999999999854e-09
1.008309999999999945e+03 9.829820000000000700e-10
1.308170000000000073e+03 4.516509999999999947e-10
1.697210000000000036e+03 2.290559999999999998e-10
2.201960000000000036e+03 1.179520000000000079e-10
2.856809999999999945e+03 6.313139999999999977e-11
3.706400000000000091e+03 3.469060000000000245e-11
4.808670000000000073e+03 1.881859999999999900e-11
6.238739999999999782e+03 1.117499999999999954e-11
8.094100000000000364e+03 7.292290000000000222e-12
1.050120000000000073e+04 4.034620000000000029e-12
1.362420000000000073e+04 2.348359999999999901e-12
1.767600000000000000e+04 1.394630000000000087e-12
2.293279999999999927e+04 8.015930000000000358e-13
2.975279999999999927e+04 5.236850000000000046e-13
3.860119999999999709e+04 3.571370000000000160e-13
5.008090000000000146e+04 2.168360000000000012e-13
6.497469999999999709e+04 1.343539999999999897e-13
8.429780000000000291e+04 9.638989999999999906e-14
1.093670000000000000e+05 8.095139999999999876e-14
1.418930000000000000e+05 7.471899999999999949e-14
1.840910000000000000e+05 5.412960000000000141e-14
2.388380000000000000e+05 3.677530000000000260e-14
3.098680000000000000e+05 2.131220000000000106e-14
4.020200000000000000e+05 1.002629999999999965e-14
5.215790000000000000e+05 4.909189999999999609e-15
6.766940000000000000e+05 2.373850000000000107e-15
8.779380000000000000e+05 1.150609999999999975e-15
