3.417099999999999937e+01 5.244259999999999659e-06
4.433319999999999794e+01 2.419759999999999851e-06
5.751769999999999783e+01 1.130089999999999924e-06
7.462309999999999377e+01 4.810030000000000092e-07
9.681550000000000011e+01 1.848779999999999962e-07
1.256080000000000041e+02 9.327740000000000382e-08
1.629629999999999939e+02 5.638140000000000219e-08
2.114269999999999925e+02 2.888999999999999929e-08
2.743050000000000068e+02 1.398930000000000007e-08
3.558809999999999718e+02 7.111670000000000113e-09
4.617180000000000177e+02 3.596260000000000152e-09
5.990299999999999727e+02 1.793480000000000097e-09
7.771789999999999736e+02 9.046639999999999895e-10
1.008309999999999945e+03 4.302120000000000236e-10
1.308170000000000073e+03 2.126299999999999937e-10
1.697210000000000036e+03 1.097769999999999948e-10
2.201960000000000036e+03 5.505440000000000016e-11
2.856809999999999945e+03 3.015019999999999971e-11
3.706400000000000091e+03 2.113279999999999978e-11
4.808670000000000073e+03 1.409639999999999959e-11
6.238739999999999782e+03 8.293250000000000028e-12
8.094100000000000364e+03 5.476940000000000289e-12
1.050120000000000073e+04 3.181039999999999944e-12
1.362420000000000073e+04 1.859830000000000164e-12
1.767600000000000000e+04 1.079119999999999950e-12
2.293279999999999927e+04 6.406229999999999654e-13
2.975279999999999927e+04 4.390889999999999782e-13
3.860119999999999709e+04 2.783229999999999844e-13
5.008090000000000146e+04 1.581549999999999961e-13
6.497469999999999709e+04 9.751050000000000390e-14
8.429780000000000291e+04 6.624569999999999963e-14
1.093670000000000000e+05 4.767150000000000165e-14
1.418930000000000000e+05 3.976739999999999850e-14
1.840910000000000000e+05 2.851730000000000133e-14
2.388380000000000000e+05 1.777879999999999930e-14
3.098680000000000000e+05 9.032900000000000504e-15
4.020200000000000000e+05 3.757659999999999611e-15
5.215790000000000000e+05 1.776090000000000033e-15
6.766940000000000000e+05 8.891209999999999576e-16
8.779380000000000000e+05 4.401769999999999836e-16
