3.368030000000000257e+01 6.670260000000000067e-07 4.898789999999999789e-09
4.245060000000000144e+01 4.159130000000000000e-07 1.817229999999999938e-09
5.350469999999999970e+01 2.580069999999999889e-07 1.287569999999999928e-09
6.743739999999999668e+01 1.654860000000000036e-07 7.594300000000000338e-10
8.499809999999999377e+01 1.080850000000000047e-07 5.361299999999999881e-10
1.071320000000000050e+02 7.194399999999999889e-08 2.578390000000000027e-10
1.350289999999999964e+02 4.891169999999999851e-08 2.146369999999999951e-10
1.701899999999999977e+02 2.916710000000000116e-08 9.856700000000000197e-11
2.145080000000000098e+02 1.765959999999999886e-08 8.443149999999999945e-11
2.703650000000000091e+02 1.096310000000000074e-08 3.574810000000000113e-11
3.407690000000000055e+02 6.775919999999999903e-09 2.576679999999999962e-11
4.295049999999999955e+02 4.233679999999999798e-09 1.443040000000000039e-11
5.413479999999999563e+02 2.571230000000000022e-09 1.040600000000000069e-11
6.823150000000000546e+02 1.443170000000000094e-09 6.588940000000000397e-12
8.599900000000000091e+02 8.361010000000000475e-10 4.260910000000000269e-12
1.083930000000000064e+03 5.008469999999999559e-10 3.107159999999999859e-12
1.366190000000000055e+03 2.798010000000000143e-10 1.779489999999999923e-12
1.721940000000000055e+03 1.466759999999999958e-10 1.291229999999999942e-12
2.170340000000000146e+03 8.771690000000000239e-11 7.065529999999999682e-13
2.735489999999999782e+03 5.508759999999999804e-11 6.237519999999999861e-13
3.447809999999999945e+03 3.211660000000000312e-11 3.100509999999999983e-13
4.345619999999999891e+03 1.865390000000000072e-11 2.784790000000000193e-13
5.477229999999999563e+03 1.120080000000000050e-11 1.391240000000000037e-13
6.903500000000000000e+03 6.681839999999999729e-12 1.280920000000000059e-13
8.701170000000000073e+03 4.049229999999999701e-12 6.723559999999999626e-14
1.096700000000000000e+04 2.437109999999999902e-12 5.705039999999999791e-14
1.382270000000000073e+04 1.386710000000000056e-12 2.892570000000000063e-14
1.742220000000000073e+04 7.987380000000000444e-13 2.518820000000000015e-14
2.195890000000000146e+04 4.543869999999999802e-13 1.237519999999999961e-14
2.767700000000000000e+04 2.589260000000000016e-13 9.979739999999999931e-15
3.488409999999999854e+04 1.475440000000000072e-13 6.102320000000000125e-15
4.396800000000000000e+04 8.378740000000000303e-14 3.720830000000000155e-15
5.541719999999999709e+04 4.861200000000000026e-14 3.259290000000000153e-15
6.984789999999999418e+04 2.449209999999999896e-14 1.585890000000000019e-15
8.803630000000000291e+04 1.300740000000000070e-14 1.366040000000000007e-15
1.109610000000000000e+05 5.742690000000000235e-15 7.058239999999999692e-16
1.398550000000000000e+05 2.379780000000000185e-15 4.834899999999999934e-16
1.762730000000000000e+05 1.082819999999999913e-15 3.390760000000000098e-16
2.221750000000000000e+05 2.621690000000000107e-16 5.612589999999999561e-16
2.800290000000000000e+05 5.447449999999999776e-17 2.850820000000000243e-16
3.529490000000000000e+05 1.176209999999999999e-17 9.807869999999999566e-17
4.448570000000000000e+05 2.515079999999999948e-18 2.878779999999999715e-17
5.606980000000000000e+05 5.391279999999999904e-19 7.846729999999999230e-18
7.067040000000000000e+05 1.154930000000000053e-19 2.039999999999999930e-18
8.907290000000000000e+05 2.474519999999999981e-20 5.140160000000000080e-19
1.000000000000000000e+06 1.145397017934148385e-20 0.000000000000000000e+00
2.000000000000000000e+06 1.135144943844192031e-22 0.000000000000000000e+00
3.000000000000000000e+06 7.635582915480729031e-24 0.000000000000000000e+00
