3.417099999999999937e+01 6.905960000000000199e-06
4.433319999999999794e+01 3.092550000000000147e-06
5.751769999999999783e+01 1.403489999999999924e-06
7.462309999999999377e+01 5.797800000000000208e-07
9.681550000000000011e+01 2.133119999999999979e-07
1.256080000000000041e+02 1.041620000000000032e-07
1.629629999999999939e+02 6.157629999999999797e-08
2.114269999999999925e+02 3.139539999999999935e-08
2.743050000000000068e+02 1.523360000000000083e-08
3.558809999999999718e+02 7.774769999999999612e-09
4.617180000000000177e+02 4.043799999999999622e-09
5.990299999999999727e+02 2.122160000000000042e-09
7.771789999999999736e+02 1.131310000000000098e-09
1.008309999999999945e+03 5.636770000000000378e-10
1.308170000000000073e+03 2.772429999999999907e-10
1.697210000000000036e+03 1.446760000000000027e-10
2.201960000000000036e+03 7.352069999999999873e-11
2.856809999999999945e+03 4.236740000000000302e-11
3.706400000000000091e+03 2.743250000000000130e-11
4.808670000000000073e+03 1.611640000000000108e-11
6.238739999999999782e+03 9.726130000000000280e-12
8.094100000000000364e+03 6.495550000000000126e-12
1.050120000000000073e+04 3.659650000000000062e-12
1.362420000000000073e+04 2.143350000000000152e-12
1.767600000000000000e+04 1.266990000000000037e-12
2.293279999999999927e+04 7.187470000000000271e-13
2.975279999999999927e+04 4.583039999999999624e-13
3.860119999999999709e+04 3.062459999999999958e-13
5.008090000000000146e+04 1.839619999999999991e-13
6.497469999999999709e+04 1.079339999999999998e-13
8.429780000000000291e+04 7.062240000000000309e-14
1.093670000000000000e+05 5.342869999999999982e-14
1.418930000000000000e+05 4.305619999999999783e-14
1.840910000000000000e+05 2.835930000000000153e-14
2.388380000000000000e+05 1.834729999999999898e-14
3.098680000000000000e+05 9.544899999999999358e-15
4.020200000000000000e+05 3.765150000000000054e-15
5.215790000000000000e+05 1.800410000000000003e-15
6.766940000000000000e+05 9.672659999999999682e-16
8.779380000000000000e+05 5.082840000000000173e-16
