3.417099999999999937e+01 2.635120000000000107e-06
4.433319999999999794e+01 1.221509999999999931e-06
5.751769999999999783e+01 5.613660000000000519e-07
7.462309999999999377e+01 2.752389999999999939e-07
9.681550000000000011e+01 1.425680000000000098e-07
1.256080000000000041e+02 8.071609999999999840e-08
1.629629999999999939e+02 4.767429999999999697e-08
2.114269999999999925e+02 2.545120000000000161e-08
2.743050000000000068e+02 1.321949999999999969e-08
3.558809999999999718e+02 6.782460000000000172e-09
4.617180000000000177e+02 3.355159999999999817e-09
5.990299999999999727e+02 1.685109999999999985e-09
7.771789999999999736e+02 8.438740000000000371e-10
1.008309999999999945e+03 4.241050000000000053e-10
1.308170000000000073e+03 2.261850000000000053e-10
1.697210000000000036e+03 1.210860000000000097e-10
2.201960000000000036e+03 6.040360000000000325e-11
2.856809999999999945e+03 3.569809999999999871e-11
3.706400000000000091e+03 2.470130000000000017e-11
4.808670000000000073e+03 1.484750000000000030e-11
6.238739999999999782e+03 8.863240000000000107e-12
8.094100000000000364e+03 5.845740000000000090e-12
1.050120000000000073e+04 3.226920000000000148e-12
1.362420000000000073e+04 1.843240000000000131e-12
1.767600000000000000e+04 1.067819999999999988e-12
2.293279999999999927e+04 5.567309999999999630e-13
2.975279999999999927e+04 3.096749999999999906e-13
3.860119999999999709e+04 1.728380000000000053e-13
5.008090000000000146e+04 8.254050000000000559e-14
6.497469999999999709e+04 3.787430000000000251e-14
8.429780000000000291e+04 1.930780000000000029e-14
1.093670000000000000e+05 9.959769999999999727e-15
1.418930000000000000e+05 3.935030000000000361e-15
1.840910000000000000e+05 1.548739999999999997e-15
2.720450000000000000e+05 3.547450000000000087e-16
4.579140000000000000e+05 2.924740000000000047e-17
7.707760000000000000e+05 2.557569999999999866e-17
