3.417099999999999937e+01 4.021599999999999748e-06
4.433319999999999794e+01 2.096670000000000205e-06
5.751769999999999783e+01 1.112510000000000001e-06
7.462309999999999377e+01 5.036350000000000493e-07
9.681550000000000011e+01 1.979650000000000128e-07
1.256080000000000041e+02 9.937190000000000588e-08
1.629629999999999939e+02 5.669260000000000170e-08
2.114269999999999925e+02 2.998679999999999823e-08
2.743050000000000068e+02 1.599730000000000058e-08
3.558809999999999718e+02 8.434490000000000308e-09
4.617180000000000177e+02 4.339769999999999790e-09
5.990299999999999727e+02 2.307540000000000078e-09
7.771789999999999736e+02 1.225710000000000103e-09
1.008309999999999945e+03 6.215389999999999978e-10
1.308170000000000073e+03 3.251750000000000171e-10
1.697210000000000036e+03 1.700240000000000066e-10
2.201960000000000036e+03 8.979479999999999943e-11
2.856809999999999945e+03 4.907879999999999884e-11
3.706400000000000091e+03 2.905579999999999985e-11
4.808670000000000073e+03 1.701279999999999876e-11
6.238739999999999782e+03 1.024909999999999921e-11
8.094100000000000364e+03 6.671500000000000401e-12
1.050120000000000073e+04 3.719990000000000187e-12
1.362420000000000073e+04 2.215559999999999902e-12
1.767600000000000000e+04 1.268129999999999969e-12
2.293279999999999927e+04 7.229770000000000000e-13
2.975279999999999927e+04 5.054199999999999810e-13
3.860119999999999709e+04 3.309419999999999948e-13
5.008090000000000146e+04 1.851320000000000082e-13
6.497469999999999709e+04 1.077860000000000014e-13
8.429780000000000291e+04 6.807480000000000090e-14
1.093670000000000000e+05 4.762619999999999754e-14
1.418930000000000000e+05 3.975519999999999881e-14
1.840910000000000000e+05 2.707470000000000112e-14
2.388380000000000000e+05 1.605090000000000055e-14
3.098680000000000000e+05 8.247739999999999397e-15
4.020200000000000000e+05 3.414840000000000087e-15
5.215790000000000000e+05 1.750400000000000004e-15
6.766940000000000000e+05 1.050870000000000054e-15
8.779380000000000000e+05 6.128089999999999753e-16
