3.417099999999999937e+01 6.632879999999999927e-06
4.433319999999999794e+01 3.122880000000000075e-06
5.751769999999999783e+01 1.499889999999999966e-06
7.462309999999999377e+01 6.141419999999999681e-07
9.681550000000000011e+01 2.145029999999999985e-07
1.256080000000000041e+02 1.045350000000000027e-07
1.629629999999999939e+02 6.252329999999999977e-08
2.114269999999999925e+02 3.186189999999999892e-08
2.743050000000000068e+02 1.573029999999999892e-08
3.558809999999999718e+02 8.188569999999999983e-09
4.617180000000000177e+02 4.292819999999999658e-09
5.990299999999999727e+02 2.283769999999999859e-09
7.771789999999999736e+02 1.203099999999999909e-09
1.008309999999999945e+03 5.719129999999999668e-10
1.308170000000000073e+03 2.815070000000000185e-10
1.697210000000000036e+03 1.491000000000000073e-10
2.201960000000000036e+03 8.083810000000000388e-11
2.856809999999999945e+03 4.663899999999999787e-11
3.706400000000000091e+03 2.979199999999999907e-11
4.808670000000000073e+03 1.809840000000000132e-11
6.238739999999999782e+03 1.071559999999999929e-11
8.094100000000000364e+03 7.011170000000000305e-12
1.050120000000000073e+04 3.916110000000000365e-12
1.362420000000000073e+04 2.264040000000000115e-12
1.767600000000000000e+04 1.368179999999999932e-12
2.293279999999999927e+04 7.886929999999999595e-13
2.975279999999999927e+04 5.002740000000000350e-13
3.860119999999999709e+04 3.343869999999999867e-13
5.008090000000000146e+04 2.102019999999999963e-13
6.497469999999999709e+04 1.240179999999999922e-13
8.429780000000000291e+04 7.549339999999999566e-14
1.093670000000000000e+05 4.961299999999999898e-14
1.418930000000000000e+05 3.601740000000000186e-14
1.840910000000000000e+05 2.375539999999999943e-14
2.388380000000000000e+05 1.516139999999999902e-14
3.098680000000000000e+05 7.663070000000000095e-15
4.020200000000000000e+05 2.891430000000000128e-15
5.215790000000000000e+05 1.417319999999999925e-15
6.766940000000000000e+05 8.422100000000000322e-16
8.779380000000000000e+05 4.829159999999999963e-16
