3.368030000000000257e+01 2.563259999999999833e-06 5.499569999999999859e-09
4.245060000000000144e+01 1.203840000000000065e-06 1.552499999999999964e-09
5.350469999999999970e+01 5.616720000000000283e-07 1.160420000000000011e-09
6.743739999999999668e+01 2.747580000000000043e-07 5.792789999999999804e-10
8.499809999999999377e+01 1.304899999999999992e-07 4.073710000000000194e-10
1.071320000000000050e+02 8.897179999999999999e-08 2.041820000000000038e-10
1.350289999999999964e+02 6.117670000000000279e-08 1.769529999999999937e-10
1.701899999999999977e+02 3.781559999999999750e-08 8.351060000000000163e-11
2.145080000000000098e+02 2.374219999999999935e-08 7.370630000000000634e-11
2.703650000000000091e+02 1.435779999999999937e-08 3.315539999999999906e-11
3.407690000000000055e+02 8.683759999999999800e-09 2.467399999999999927e-11
4.295049999999999955e+02 5.042669999999999917e-09 1.395369999999999940e-11
5.413479999999999563e+02 2.920959999999999806e-09 9.802149999999999789e-12
6.823150000000000546e+02 1.636760000000000043e-09 6.357139999999999709e-12
8.599900000000000091e+02 9.345130000000000381e-10 4.073039999999999778e-12
1.083930000000000064e+03 5.483599999999999551e-10 2.954799999999999890e-12
1.366190000000000055e+03 3.026050000000000112e-10 1.679339999999999991e-12
1.721940000000000055e+03 1.578360000000000121e-10 1.225690000000000001e-12
2.170340000000000146e+03 9.256569999999999603e-11 6.589360000000000308e-13
2.735489999999999782e+03 5.636530000000000258e-11 5.658150000000000483e-13
3.447809999999999945e+03 3.327589999999999880e-11 2.800160000000000157e-13
4.345619999999999891e+03 1.956869999999999920e-11 2.502089999999999792e-13
5.477229999999999563e+03 1.188909999999999949e-11 1.241909999999999956e-13
6.903500000000000000e+03 7.200649999999999615e-12 1.147729999999999897e-13
8.701170000000000073e+03 4.302449999999999706e-12 5.923109999999999487e-14
1.096700000000000000e+04 2.574850000000000080e-12 4.989299999999999879e-14
1.382270000000000073e+04 1.516520000000000085e-12 2.541020000000000100e-14
1.742220000000000073e+04 8.992010000000000173e-13 2.242319999999999880e-14
2.195890000000000146e+04 5.199439999999999906e-13 1.110539999999999937e-14
2.767700000000000000e+04 3.025730000000000073e-13 9.059680000000000517e-15
3.488409999999999854e+04 1.723380000000000074e-13 5.560820000000000299e-15
4.396800000000000000e+04 9.550930000000000128e-14 3.431339999999999862e-15
5.541719999999999709e+04 5.388710000000000270e-14 2.951260000000000155e-15
6.984789999999999418e+04 2.786529999999999942e-14 1.432569999999999926e-15
8.803630000000000291e+04 1.465720000000000001e-14 1.203269999999999927e-15
1.109610000000000000e+05 7.668979999999999436e-15 6.287670000000000070e-16
1.398550000000000000e+05 4.001280000000000205e-15 3.971670000000000006e-16
1.762730000000000000e+05 2.126410000000000172e-15 3.063649999999999995e-16
2.221750000000000000e+05 9.975420000000000681e-16 1.623129999999999960e-16
2.800290000000000000e+05 4.516729999999999539e-16 1.082779999999999965e-16
3.529490000000000000e+05 2.059980000000000097e-16 7.260750000000000442e-17
4.448570000000000000e+05 9.381130000000000248e-17 4.467329999999999786e-17
5.606980000000000000e+05 4.273469999999999802e-17 2.582109999999999891e-17
7.067040000000000000e+05 1.946610000000000152e-17 1.429349999999999871e-17
8.907290000000000000e+05 8.867120000000000624e-18 7.674099999999999864e-18
1.000000000000000000e+06 5.984571919196535583e-18 0.000000000000000000e+00
2.000000000000000000e+06 5.678359863046468030e-19 0.000000000000000000e+00
3.000000000000000000e+06 1.431915244261786855e-19 0.000000000000000000e+00
