3.417099999999999937e+01 2.878139999999999857e-06
4.433319999999999794e+01 1.529729999999999921e-06
5.751769999999999783e+01 8.192120000000000435e-07
7.462309999999999377e+01 4.070700000000000048e-07
9.681550000000000011e+01 1.889419999999999987e-07
1.256080000000000041e+02 1.028129999999999956e-07
1.629629999999999939e+02 6.097900000000000625e-08
2.114269999999999925e+02 3.176999999999999927e-08
2.743050000000000068e+02 1.597769999999999953e-08
3.558809999999999718e+02 8.519049999999999445e-09
4.617180000000000177e+02 4.452260000000000092e-09
5.990299999999999727e+02 2.366050000000000117e-09
7.771789999999999736e+02 1.338359999999999915e-09
1.008309999999999945e+03 7.348420000000000356e-10
1.308170000000000073e+03 4.116709999999999942e-10
1.697210000000000036e+03 1.893909999999999874e-10
2.201960000000000036e+03 7.757570000000000437e-11
2.856809999999999945e+03 3.851390000000000051e-11
3.706400000000000091e+03 2.203919999999999923e-11
4.808670000000000073e+03 1.341260000000000042e-11
6.238739999999999782e+03 9.445810000000000118e-12
8.094100000000000364e+03 7.784539999999999867e-12
1.050120000000000073e+04 5.465290000000000030e-12
1.362420000000000073e+04 3.623580000000000197e-12
1.767600000000000000e+04 2.067390000000000140e-12
2.293279999999999927e+04 1.439439999999999973e-12
2.975279999999999927e+04 1.591559999999999935e-12
3.860119999999999709e+04 1.159699999999999996e-12
5.008090000000000146e+04 5.332259999999999536e-13
6.497469999999999709e+04 2.582810000000000079e-13
8.429780000000000291e+04 1.337179999999999912e-13
1.093670000000000000e+05 7.709759999999999755e-14
1.418930000000000000e+05 4.507940000000000278e-14
1.840910000000000000e+05 2.863199999999999982e-14
2.388380000000000000e+05 2.234900000000000087e-14
3.098680000000000000e+05 1.593309999999999852e-14
4.020200000000000000e+05 1.048140000000000028e-14
5.215790000000000000e+05 7.141009999999999654e-15
6.766940000000000000e+05 4.900609999999999773e-15
8.779380000000000000e+05 3.358769999999999947e-15
