3.417099999999999937e+01 4.084160000000000382e-06
4.433319999999999794e+01 2.011459999999999881e-06
5.751769999999999783e+01 1.002000000000000105e-06
7.462309999999999377e+01 4.581830000000000206e-07
9.681550000000000011e+01 1.921450000000000043e-07
1.256080000000000041e+02 9.881729999999999376e-08
1.629629999999999939e+02 5.688099999999999827e-08
2.114269999999999925e+02 2.909869999999999837e-08
2.743050000000000068e+02 1.454739999999999962e-08
3.558809999999999718e+02 7.490569999999999291e-09
4.617180000000000177e+02 3.799640000000000333e-09
5.990299999999999727e+02 1.891690000000000113e-09
7.771789999999999736e+02 9.456689999999999942e-10
1.008309999999999945e+03 4.471409999999999762e-10
1.308170000000000073e+03 2.199519999999999917e-10
1.697210000000000036e+03 1.133159999999999942e-10
2.201960000000000036e+03 5.692180000000000086e-11
2.856809999999999945e+03 3.102929999999999825e-11
3.706400000000000091e+03 2.151659999999999901e-11
4.808670000000000073e+03 1.426680000000000056e-11
6.238739999999999782e+03 8.373979999999999423e-12
8.094100000000000364e+03 5.516349999999999613e-12
1.050120000000000073e+04 3.196310000000000140e-12
1.362420000000000073e+04 1.869309999999999837e-12
1.767600000000000000e+04 1.088480000000000023e-12
2.293279999999999927e+04 6.460699999999999926e-13
2.975279999999999927e+04 4.411839999999999809e-13
3.860119999999999709e+04 2.795469999999999901e-13
5.008090000000000146e+04 1.592759999999999920e-13
6.497469999999999709e+04 9.818470000000000369e-14
8.429780000000000291e+04 6.656320000000000055e-14
1.093670000000000000e+05 4.776040000000000039e-14
1.418930000000000000e+05 3.964740000000000128e-14
1.840910000000000000e+05 2.838810000000000073e-14
2.388380000000000000e+05 1.772069999999999940e-14
3.098680000000000000e+05 9.025960000000000435e-15
4.020200000000000000e+05 3.771439999999999610e-15
5.215790000000000000e+05 1.787559999999999804e-15
6.766940000000000000e+05 8.964109999999999242e-16
8.779380000000000000e+05 4.446419999999999980e-16
