3.368030000000000257e+01 2.134150000000000141e-06 5.043250000000000343e-09
4.245060000000000144e+01 1.000159999999999924e-06 1.422650000000000045e-09
5.350469999999999970e+01 4.633030000000000029e-07 1.090520000000000076e-09
6.743739999999999668e+01 2.332699999999999970e-07 5.594100000000000359e-10
8.499809999999999377e+01 1.165409999999999978e-07 4.109510000000000215e-10
1.071320000000000050e+02 8.335949999999999943e-08 2.120849999999999971e-10
1.350289999999999964e+02 6.113480000000000027e-08 1.887049999999999961e-10
1.701899999999999977e+02 3.686380000000000085e-08 8.714879999999999636e-11
2.145080000000000098e+02 2.282069999999999999e-08 7.602290000000000638e-11
2.703650000000000091e+02 1.372959999999999941e-08 3.304040000000000126e-11
3.407690000000000055e+02 8.274289999999999972e-09 2.410060000000000012e-11
4.295049999999999955e+02 4.889849999999999611e-09 1.354359999999999976e-11
5.413479999999999563e+02 2.864149999999999875e-09 9.573350000000000602e-12
6.823150000000000546e+02 1.618250000000000073e-09 6.270399999999999616e-12
8.599900000000000091e+02 9.186960000000000089e-10 4.009289999999999772e-12
1.083930000000000064e+03 5.196299999999999933e-10 2.862569999999999989e-12
1.366190000000000055e+03 2.931800000000000154e-10 1.653739999999999979e-12
1.721940000000000055e+03 1.641030000000000071e-10 1.267400000000000032e-12
2.170340000000000146e+03 9.500810000000000509e-11 6.820380000000000469e-13
2.735489999999999782e+03 5.524120000000000255e-11 5.759439999999999539e-13
3.447809999999999945e+03 3.331279999999999998e-11 2.906980000000000201e-13
4.345619999999999891e+03 2.002979999999999852e-11 2.650570000000000186e-13
5.477229999999999563e+03 1.229860000000000012e-11 1.311930000000000096e-13
6.903500000000000000e+03 7.557459999999999990e-12 1.219369999999999933e-13
8.701170000000000073e+03 4.490190000000000277e-12 6.248009999999999698e-14
1.096700000000000000e+04 2.679470000000000093e-12 5.246069999999999829e-14
1.382270000000000073e+04 1.550340000000000036e-12 2.656639999999999876e-14
1.742220000000000073e+04 9.050849999999999749e-13 2.323229999999999848e-14
2.195890000000000146e+04 5.170030000000000337e-13 1.136439999999999983e-14
2.767700000000000000e+04 2.977019999999999769e-13 9.171509999999999812e-15
3.488409999999999854e+04 1.655430000000000096e-13 5.510590000000000270e-15
4.396800000000000000e+04 8.809430000000000208e-14 3.326650000000000127e-15
5.541719999999999709e+04 4.800479999999999781e-14 2.776239999999999926e-15
6.984789999999999418e+04 2.351400000000000146e-14 1.349589999999999907e-15
8.803630000000000291e+04 1.179060000000000033e-14 1.112749999999999987e-15
1.109610000000000000e+05 5.780870000000000394e-15 5.890300000000000281e-16
1.398550000000000000e+05 2.783020000000000009e-15 4.142630000000000027e-16
1.762730000000000000e+05 1.467140000000000013e-15 3.303709999999999995e-16
2.221750000000000000e+05 4.046200000000000056e-16 2.898730000000000167e-16
2.800290000000000000e+05 9.469289999999999939e-17 1.603740000000000004e-16
3.529490000000000000e+05 2.306379999999999895e-17 6.205590000000000273e-17
4.448570000000000000e+05 5.562710000000000193e-18 2.053419999999999971e-17
5.606980000000000000e+05 1.344900000000000062e-18 6.312309999999999656e-18
7.067040000000000000e+05 3.249620000000000181e-19 1.851089999999999986e-18
8.907290000000000000e+05 7.853040000000000191e-20 5.261119999999999551e-19
1.000000000000000000e+06 3.860451074705109769e-20 0.000000000000000000e+00
2.000000000000000000e+06 5.486382990451776977e-22 0.000000000000000000e+00
3.000000000000000000e+06 4.556742797201861733e-23 0.000000000000000000e+00
