3.417099999999999937e+01 2.124440000000000195e-06
4.433319999999999794e+01 1.107980000000000105e-06
5.751769999999999783e+01 5.780409999999999812e-07
7.462309999999999377e+01 3.009460000000000003e-07
9.681550000000000011e+01 1.588219999999999911e-07
1.256080000000000041e+02 8.798459999999999497e-08
1.629629999999999939e+02 4.755030000000000195e-08
2.114269999999999925e+02 2.428329999999999947e-08
2.743050000000000068e+02 1.248739999999999971e-08
3.558809999999999718e+02 6.447819999999999764e-09
4.617180000000000177e+02 3.303600000000000048e-09
5.990299999999999727e+02 1.750230000000000066e-09
7.771789999999999736e+02 9.397149999999999959e-10
1.008309999999999945e+03 5.288930000000000471e-10
1.308170000000000073e+03 3.173969999999999846e-10
1.697210000000000036e+03 1.695939999999999884e-10
2.201960000000000036e+03 8.772749999999999510e-11
2.856809999999999945e+03 5.013060000000000290e-11
3.706400000000000091e+03 3.221909999999999708e-11
4.808670000000000073e+03 2.032999999999999920e-11
6.238739999999999782e+03 1.220750000000000024e-11
8.094100000000000364e+03 7.734310000000000393e-12
1.050120000000000073e+04 4.299210000000000217e-12
1.362420000000000073e+04 2.414930000000000091e-12
1.767600000000000000e+04 1.324450000000000077e-12
2.293279999999999927e+04 6.406630000000000339e-13
2.975279999999999927e+04 3.491720000000000090e-13
3.860119999999999709e+04 1.992929999999999920e-13
5.008090000000000146e+04 1.009380000000000037e-13
6.497469999999999709e+04 4.736789999999999726e-14
8.429780000000000291e+04 2.452439999999999911e-14
1.093670000000000000e+05 1.196950000000000014e-14
1.418930000000000000e+05 4.446719999999999807e-15
1.840910000000000000e+05 1.993939999999999816e-15
2.720450000000000000e+05 8.884779999999999588e-16
4.579140000000000000e+05 1.120389999999999999e-16
7.707760000000000000e+05 1.424400000000000032e-16
