3.417099999999999937e+01 2.649209999999999831e-06
4.433319999999999794e+01 1.227449999999999996e-06
5.751769999999999783e+01 5.640219999999999931e-07
7.462309999999999377e+01 2.758190000000000163e-07
9.681550000000000011e+01 1.420649999999999953e-07
1.256080000000000041e+02 8.034349999999999413e-08
1.629629999999999939e+02 4.759159999999999849e-08
2.114269999999999925e+02 2.544379999999999851e-08
2.743050000000000068e+02 1.322310000000000079e-08
3.558809999999999718e+02 6.800329999999999822e-09
4.617180000000000177e+02 3.377159999999999947e-09
5.990299999999999727e+02 1.701909999999999968e-09
7.771789999999999736e+02 8.549870000000000379e-10
1.008309999999999945e+03 4.312650000000000095e-10
1.308170000000000073e+03 2.313989999999999885e-10
1.697210000000000036e+03 1.232460000000000054e-10
2.201960000000000036e+03 6.051830000000000235e-11
2.856809999999999945e+03 3.534309999999999710e-11
3.706400000000000091e+03 2.420070000000000128e-11
4.808670000000000073e+03 1.435530000000000044e-11
6.238739999999999782e+03 8.433049999999999897e-12
8.094100000000000364e+03 5.497930000000000182e-12
1.050120000000000073e+04 3.006160000000000188e-12
1.362420000000000073e+04 1.718069999999999969e-12
1.767600000000000000e+04 1.004119999999999966e-12
2.293279999999999927e+04 5.335919999999999946e-13
2.975279999999999927e+04 3.063949999999999783e-13
3.860119999999999709e+04 1.752300000000000016e-13
5.008090000000000146e+04 8.544219999999999513e-14
6.497469999999999709e+04 3.977590000000000170e-14
8.429780000000000291e+04 2.054529999999999880e-14
1.093670000000000000e+05 1.041280000000000070e-14
1.418930000000000000e+05 4.584330000000000085e-15
1.840910000000000000e+05 2.076949999999999956e-15
2.388380000000000000e+05 1.064730000000000047e-15
3.098680000000000000e+05 5.322759999999999740e-16
4.020200000000000000e+05 2.442799999999999975e-16
5.215790000000000000e+05 1.549100000000000116e-16
6.766940000000000000e+05 1.328470000000000019e-16
8.779380000000000000e+05 1.083530000000000027e-16
