3.417099999999999937e+01 1.156619999999999948e-05
4.433319999999999794e+01 5.603410000000000278e-06
5.751769999999999783e+01 2.763020000000000187e-06
7.462309999999999377e+01 1.233120000000000020e-06
9.681550000000000011e+01 4.916459999999999808e-07
1.256080000000000041e+02 2.490360000000000073e-07
1.629629999999999939e+02 1.431980000000000095e-07
2.114269999999999925e+02 6.757989999999999490e-08
2.743050000000000068e+02 3.029139999999999819e-08
3.558809999999999718e+02 1.487630000000000001e-08
4.617180000000000177e+02 7.312820000000000396e-09
5.990299999999999727e+02 4.067179999999999597e-09
7.771789999999999736e+02 2.339150000000000137e-09
1.008309999999999945e+03 9.709989999999999471e-10
1.308170000000000073e+03 4.118319999999999795e-10
1.697210000000000036e+03 1.848329999999999965e-10
2.201960000000000036e+03 9.920369999999999420e-11
2.856809999999999945e+03 6.354519999999999786e-11
3.706400000000000091e+03 3.312480000000000280e-11
4.808670000000000073e+03 1.850619999999999964e-11
6.238739999999999782e+03 1.111420000000000044e-11
8.094100000000000364e+03 6.958830000000000147e-12
1.050120000000000073e+04 4.007140000000000230e-12
1.362420000000000073e+04 2.331180000000000170e-12
1.767600000000000000e+04 1.342209999999999993e-12
2.293279999999999927e+04 7.386749999999999802e-13
2.975279999999999927e+04 4.493830000000000149e-13
3.860119999999999709e+04 2.961020000000000140e-13
5.008090000000000146e+04 2.081659999999999987e-13
6.497469999999999709e+04 1.365309999999999965e-13
8.429780000000000291e+04 9.376399999999999558e-14
1.093670000000000000e+05 8.123729999999999656e-14
1.418930000000000000e+05 6.803390000000000609e-14
1.840910000000000000e+05 4.385199999999999707e-14
2.388380000000000000e+05 2.882590000000000165e-14
3.098680000000000000e+05 1.634020000000000153e-14
4.020200000000000000e+05 8.205910000000000057e-15
5.215790000000000000e+05 3.932450000000000229e-15
6.766940000000000000e+05 1.697270000000000066e-15
8.779380000000000000e+05 7.478840000000000058e-16
