3.417099999999999937e+01 6.765719999999999785e-07
4.433319999999999794e+01 4.880059999999999826e-07
5.751769999999999783e+01 3.591150000000000231e-07
7.462309999999999377e+01 2.269889999999999953e-07
9.681550000000000011e+01 1.254520000000000039e-07
1.256080000000000041e+02 6.997550000000000346e-08
1.629629999999999939e+02 3.753590000000000063e-08
2.114269999999999925e+02 1.887329999999999934e-08
2.743050000000000068e+02 9.529339999999999686e-09
3.558809999999999718e+02 5.138280000000000169e-09
4.617180000000000177e+02 2.654140000000000101e-09
5.990299999999999727e+02 1.284860000000000048e-09
7.771789999999999736e+02 6.440979999999999610e-10
1.008309999999999945e+03 2.886639999999999970e-10
1.308170000000000073e+03 1.551489999999999933e-10
1.697210000000000036e+03 7.604479999999999521e-11
2.201960000000000036e+03 3.384409999999999793e-11
2.856809999999999945e+03 2.036920000000000008e-11
3.706400000000000091e+03 1.520829999999999933e-11
4.808670000000000073e+03 1.029720000000000019e-11
6.238739999999999782e+03 5.704189999999999749e-12
8.094100000000000364e+03 3.797589999999999775e-12
1.050120000000000073e+04 2.220630000000000000e-12
1.362420000000000073e+04 1.269649999999999947e-12
1.767600000000000000e+04 6.391540000000000451e-13
2.293279999999999927e+04 4.996299999999999622e-13
2.975279999999999927e+04 2.272119999999999915e-13
3.860119999999999709e+04 1.331289999999999874e-13
5.008090000000000146e+04 7.203959999999999780e-14
6.497469999999999709e+04 3.301559999999999793e-14
8.429780000000000291e+04 1.372699999999999922e-14
1.093670000000000000e+05 6.816909999999999772e-15
1.418930000000000000e+05 4.052949999999999722e-15
1.840910000000000000e+05 1.544439999999999908e-15
2.720450000000000000e+05 3.116409999999999890e-16
4.579140000000000000e+05 1.291540000000000078e-16
7.707760000000000000e+05 4.435220000000000040e-17
