3.417099999999999937e+01 1.097749999999999951e-05
4.433319999999999794e+01 5.002710000000000253e-06
5.751769999999999783e+01 2.308630000000000205e-06
7.462309999999999377e+01 9.985899999999999970e-07
9.681550000000000011e+01 3.941750000000000207e-07
1.256080000000000041e+02 2.111500000000000081e-07
1.629629999999999939e+02 1.390210000000000112e-07
2.114269999999999925e+02 7.142919999999999483e-08
2.743050000000000068e+02 3.389999999999999915e-08
3.558809999999999718e+02 1.700380000000000036e-08
4.617180000000000177e+02 8.079600000000000099e-09
5.990299999999999727e+02 4.752390000000000378e-09
7.771789999999999736e+02 3.162459999999999851e-09
1.008309999999999945e+03 1.415400000000000096e-09
1.308170000000000073e+03 6.209640000000000283e-10
1.697210000000000036e+03 2.745340000000000158e-10
2.201960000000000036e+03 1.347909999999999898e-10
2.856809999999999945e+03 8.860740000000000309e-11
3.706400000000000091e+03 5.227240000000000010e-11
4.808670000000000073e+03 3.273070000000000310e-11
6.238739999999999782e+03 2.226770000000000133e-11
8.094100000000000364e+03 1.601700000000000011e-11
1.050120000000000073e+04 1.091170000000000004e-11
1.362420000000000073e+04 6.965169999999999896e-12
1.767600000000000000e+04 4.116580000000000216e-12
2.293279999999999927e+04 2.326509999999999949e-12
2.975279999999999927e+04 1.435940000000000039e-12
3.860119999999999709e+04 9.516380000000000290e-13
5.008090000000000146e+04 6.878360000000000390e-13
6.497469999999999709e+04 3.888370000000000223e-13
8.429780000000000291e+04 1.954990000000000033e-13
1.093670000000000000e+05 1.263120000000000125e-13
1.418930000000000000e+05 7.379819999999999446e-14
1.840910000000000000e+05 4.149130000000000113e-14
2.388380000000000000e+05 2.874469999999999868e-14
3.098680000000000000e+05 1.838620000000000046e-14
4.020200000000000000e+05 1.157859999999999925e-14
5.215790000000000000e+05 6.930829999999999856e-15
6.766940000000000000e+05 3.805899999999999780e-15
8.779380000000000000e+05 2.123400000000000149e-15
