3.417099999999999937e+01 2.289340000000000090e-06
4.433319999999999794e+01 1.089149999999999982e-06
5.751769999999999783e+01 5.147810000000000354e-07
7.462309999999999377e+01 2.591789999999999943e-07
9.681550000000000011e+01 1.370360000000000103e-07
1.256080000000000041e+02 7.947700000000000420e-08
1.629629999999999939e+02 4.804999999999999682e-08
2.114269999999999925e+02 2.580739999999999920e-08
2.743050000000000068e+02 1.330720000000000053e-08
3.558809999999999718e+02 6.925800000000000217e-09
4.617180000000000177e+02 3.510100000000000111e-09
5.990299999999999727e+02 1.755800000000000079e-09
7.771789999999999736e+02 8.730239999999999829e-10
1.008309999999999945e+03 4.369699999999999913e-10
1.308170000000000073e+03 2.316910000000000119e-10
1.697210000000000036e+03 1.215770000000000083e-10
2.201960000000000036e+03 5.682259999999999902e-11
2.856809999999999945e+03 3.238130000000000299e-11
3.706400000000000091e+03 2.369349999999999875e-11
4.808670000000000073e+03 1.441740000000000034e-11
6.238739999999999782e+03 8.362759999999999396e-12
8.094100000000000364e+03 5.601849999999999602e-12
1.050120000000000073e+04 3.055500000000000057e-12
1.362420000000000073e+04 1.748999999999999919e-12
1.767600000000000000e+04 1.038000000000000020e-12
2.293279999999999927e+04 5.559529999999999839e-13
2.975279999999999927e+04 3.257350000000000252e-13
3.860119999999999709e+04 1.887169999999999874e-13
5.008090000000000146e+04 9.220140000000000131e-14
6.497469999999999709e+04 4.407909999999999794e-14
8.429780000000000291e+04 2.396839999999999875e-14
1.093670000000000000e+05 1.273459999999999989e-14
1.418930000000000000e+05 6.068499999999999903e-15
1.840910000000000000e+05 2.759870000000000017e-15
2.388380000000000000e+05 1.265070000000000064e-15
3.098680000000000000e+05 6.471029999999999563e-16
4.020200000000000000e+05 3.464579999999999787e-16
5.215790000000000000e+05 2.225899999999999842e-16
6.766940000000000000e+05 1.733330000000000005e-16
8.779380000000000000e+05 1.306429999999999912e-16
