3.417099999999999937e+01 1.426129999999999973e-06
4.433319999999999794e+01 7.725639999999999820e-07
5.751769999999999783e+01 4.179350000000000164e-07
7.462309999999999377e+01 2.282449999999999901e-07
9.681550000000000011e+01 1.255639999999999986e-07
1.256080000000000041e+02 6.965769999999999780e-08
1.629629999999999939e+02 3.943359999999999915e-08
2.114269999999999925e+02 2.100450000000000124e-08
2.743050000000000068e+02 1.055900000000000045e-08
3.558809999999999718e+02 5.444279999999999733e-09
4.617180000000000177e+02 2.870490000000000083e-09
5.990299999999999727e+02 1.417459999999999983e-09
7.771789999999999736e+02 6.580040000000000368e-10
1.008309999999999945e+03 3.148289999999999785e-10
1.308170000000000073e+03 1.524170000000000021e-10
1.697210000000000036e+03 7.490779999999999955e-11
2.201960000000000036e+03 3.617549999999999828e-11
2.856809999999999945e+03 2.140729999999999906e-11
3.706400000000000091e+03 1.566960000000000101e-11
4.808670000000000073e+03 1.029209999999999974e-11
6.238739999999999782e+03 6.349710000000000012e-12
8.094100000000000364e+03 3.924630000000000009e-12
1.050120000000000073e+04 2.415869999999999883e-12
1.362420000000000073e+04 1.428230000000000065e-12
1.767600000000000000e+04 8.098969999999999972e-13
2.293279999999999927e+04 4.638899999999999550e-13
2.975279999999999927e+04 2.699220000000000185e-13
3.860119999999999709e+04 1.441439999999999914e-13
5.008090000000000146e+04 7.197559999999999676e-14
6.497469999999999709e+04 3.358970000000000227e-14
8.429780000000000291e+04 1.445079999999999887e-14
1.093670000000000000e+05 6.341190000000000001e-15
1.418930000000000000e+05 2.825129999999999819e-15
1.840910000000000000e+05 1.161209999999999989e-15
2.720450000000000000e+05 2.430569999999999971e-16
4.579140000000000000e+05 8.578589999999999587e-17
7.707760000000000000e+05 3.027819999999999963e-17
