60.3553390503 4.83466528492e-07 9.49508014337e-09
85.3553390503 2.32461023037e-07 2.45040335263e-09
120.710678101 1.11707464839e-07 7.40175186051e-10
170.710678101 5.76437916822e-08 2.44146894799e-10
241.421356201 2.56078353094e-08 1.01533456475e-10
341.421356201 1.13769454298e-08 4.87421997349e-11
482.842712402 4.79476792323e-09 2.54100295444e-11
682.842712402 1.72856539234e-09 1.32402464418e-11
965.685424805 7.72958322873e-10 7.04589909425e-12
1365.6854248 3.44716915112e-10 3.87770424644e-12
1931.37084961 1.44715406083e-10 2.06737574485e-12
2731.37084961 5.96021495441e-11 1.1003817668e-12
3862.74169922 2.66339672487e-11 6.06203654681e-13
5462.74169922 1.21757347927e-11 3.29678233897e-13
7725.48339844 4.88154515429e-12 1.67840276069e-13
10925.4833984 2.00285354985e-12 8.6505400165e-14
15450.9667969 9.13927397348e-13 4.77608356823e-14
21850.9667969 3.93197043873e-13 2.58050052738e-14
30901.9335938 1.77501150524e-13 1.50637975856e-14
43701.9335938 7.46818766307e-14 8.59541503901e-15
61803.8671875 3.37057068357e-14 4.69371859381e-15
87403.8671875 1.39739433696e-14 2.63083162988e-15
123607.734375 4.54367286413e-15 1.44093764587e-15
